SN,TIMESTAMP,PACKAGE_SIZE,MAX_VALUE,MIN_VALUE,MAT_0,MAT_1,MAT_2,MAT_3,MAT_4,MAT_5,MAT_6,MAT_7,MAT_8,MAT_9,MAT_10,MAT_11,MAT_12,MAT_13,MAT_14,MAT_15,MAT_16,MAT_17,MAT_18,MAT_19,MAT_20,MAT_21,MAT_22,MAT_23,MAT_24,MAT_25,MAT_26,MAT_27,MAT_28,MAT_29,MAT_30,MAT_31,MAT_32,MAT_33,MAT_34,MAT_35,MAT_36,MAT_37,MAT_38,MAT_39,MAT_40,MAT_41,MAT_42,MAT_43,MAT_44,MAT_45,MAT_46,MAT_47,MAT_48,MAT_49,MAT_50,MAT_51,MAT_52,MAT_53,MAT_54,MAT_55,MAT_56,MAT_57,MAT_58,MAT_59,MAT_60,MAT_61,MAT_62,MAT_63,MAT_64,MAT_65,MAT_66,MAT_67,MAT_68,MAT_69,MAT_70,MAT_71,MAT_72,MAT_73,MAT_74,MAT_75,MAT_76,MAT_77,MAT_78,MAT_79,MAT_80,MAT_81,MAT_82,MAT_83,MAT_84,MAT_85,MAT_86,MAT_87,MAT_88,MAT_89,MAT_90,MAT_91,MAT_92,MAT_93,MAT_94,MAT_95
0,2025-04-22 20:11:31.250,96,47,0,0,0,0,0,0,0,0,0,0,1,0,0,0,16,0,0,9,5,5,1,12,9,4,0,14,25,28,17,19,22,13,0,26,34,39,36,35,17,23,4,38,24,31,47,37,18,26,7,19,35,44,32,23,20,27,7,33,36,22,32,25,20,13,2,23,27,32,31,31,20,27,0,0,3,25,37,36,36,23,2,0,0,0,10,11,6,0,0,0,0,0,0,0,0,0,0
1,2025-04-22 20:11:31.260,96,47,0,0,0,0,0,0,0,0,0,0,1,0,0,0,16,0,0,9,5,5,1,12,9,4,0,14,25,28,17,19,22,13,0,26,34,39,36,35,17,23,4,38,24,31,47,37,18,26,7,19,35,44,32,23,20,27,7,33,36,22,32,25,20,13,2,23,27,32,31,31,20,27,0,0,3,25,37,36,36,23,2,0,0,0,10,11,6,0,0,0,0,0,0,0,0,0,0
2,2025-04-22 20:11:31.271,96,47,0,0,0,0,0,0,0,0,0,0,1,0,0,0,16,0,0,9,5,5,1,12,9,4,0,14,25,28,17,19,22,13,0,26,34,39,36,35,17,23,4,38,24,31,47,37,18,26,7,19,35,44,32,23,20,27,7,33,36,22,32,25,20,13,2,23,27,32,31,31,20,27,0,0,3,25,37,36,36,23,2,0,0,0,10,11,6,0,0,0,0,0,0,0,0,0,0
3,2025-04-22 20:11:31.293,96,47,0,0,0,0,0,0,0,0,0,0,1,0,0,0,16,0,0,9,5,5,1,12,9,4,0,14,25,28,17,19,22,13,0,26,34,39,36,35,17,23,4,38,24,31,47,37,18,26,7,19,35,44,32,23,20,27,7,33,36,22,32,25,20,13,2,23,27,32,31,31,20,27,0,0,3,25,37,36,36,23,2,0,0,0,10,11,6,0,0,0,0,0,0,0,0,0,0
4,2025-04-22 20:11:31.303,96,47,0,0,0,0,0,0,0,0,0,0,1,0,0,0,16,0,0,9,5,5,1,12,9,4,0,14,25,28,17,19,22,13,0,26,34,39,36,35,17,23,4,38,24,31,47,37,18,26,7,19,35,44,32,23,20,27,7,33,36,22,32,25,20,13,2,23,27,32,31,31,20,27,0,0,3,25,37,36,36,23,2,0,0,0,10,11,6,0,0,0,0,0,0,0,0,0,0
5,2025-04-22 20:11:31.312,96,47,0,0,0,0,0,0,0,0,0,0,1,0,0,0,16,0,0,9,5,5,1,12,9,4,0,14,25,28,17,19,22,13,0,26,34,39,36,35,17,23,4,38,24,31,47,37,18,26,7,19,35,44,32,23,20,27,7,33,36,22,32,25,20,13,2,23,27,32,31,31,20,27,0,0,3,25,37,36,36,23,2,0,0,0,10,11,6,0,0,0,0,0,0,0,0,0,0
6,2025-04-22 20:11:31.326,96,47,0,0,0,0,0,0,0,0,0,0,1,0,0,0,16,0,0,9,5,5,1,12,9,4,0,14,25,28,17,19,22,13,0,26,34,39,36,35,17,23,4,38,24,31,47,37,18,26,7,19,35,44,32,23,20,27,7,33,36,22,32,25,20,13,2,23,27,32,31,31,20,27,0,0,3,25,37,36,36,23,2,0,0,0,10,11,6,0,0,0,0,0,0,0,0,0,0
7,2025-04-22 20:11:31.334,96,47,0,0,0,0,0,0,0,0,0,0,1,0,0,0,16,0,0,9,5,5,1,12,9,4,0,14,25,28,17,19,22,13,0,26,34,39,36,35,17,23,4,38,24,31,47,37,18,26,7,19,35,44,32,23,20,27,7,33,36,22,32,25,20,13,2,23,27,32,31,31,20,27,0,0,3,25,37,36,36,23,2,0,0,0,10,11,6,0,0,0,0,0,0,0,0,0,0
8,2025-04-22 20:11:31.347,96,47,0,0,0,0,0,0,0,0,0,0,1,0,0,0,16,0,0,9,5,5,1,11,9,4,0,14,25,28,17,19,22,13,0,26,34,39,36,35,17,23,4,38,24,31,47,37,18,26,7,19,35,44,32,23,20,27,7,33,36,22,32,25,20,13,2,23,27,32,31,31,20,27,0,0,3,25,37,36,36,23,2,0,0,0,10,11,6,0,0,0,0,0,0,0,0,0,0
9,2025-04-22 20:11:31.356,96,47,0,0,0,0,0,0,0,0,0,0,1,0,0,0,16,0,0,9,5,5,1,11,9,4,0,14,25,28,17,19,22,13,0,26,34,39,36,35,17,23,4,38,24,31,47,37,18,26,7,19,35,44,32,23,20,27,7,33,36,22,32,25,20,13,2,23,27,32,31,31,20,27,0,0,3,25,37,36,36,23,2,0,0,0,10,11,6,0,0,0,0,0,0,0,0,0,0
10,2025-04-22 20:11:31.367,96,47,0,0,0,0,0,0,0,0,0,0,1,0,0,0,16,0,0,9,5,5,1,11,9,4,0,14,25,28,17,19,22,13,0,26,34,39,36,35,17,23,4,38,24,31,47,37,18,26,7,19,35,44,32,23,20,27,7,33,36,22,32,25,20,13,2,23,27,32,31,31,20,27,0,0,3,25,37,36,36,23,2,0,0,0,10,11,6,0,0,0,0,0,0,0,0,0,0
11,2025-04-22 20:11:31.377,96,47,0,0,0,0,0,0,0,0,0,0,1,0,0,0,16,0,0,9,5,5,1,11,9,4,0,14,25,28,17,19,22,13,0,26,34,39,36,35,17,23,4,38,24,31,47,37,18,26,7,19,35,44,32,23,20,27,7,33,36,22,32,25,20,13,2,23,27,32,31,31,20,27,0,0,3,25,37,36,36,23,2,0,0,0,10,11,6,0,0,0,0,0,0,0,0,0,0
12,2025-04-22 20:11:31.388,96,47,0,0,0,0,0,0,0,0,0,0,1,0,0,0,16,0,0,9,5,5,1,11,9,4,0,14,25,28,17,19,22,13,0,26,34,39,36,35,17,23,4,38,24,31,47,37,18,26,7,19,35,44,32,22,20,27,7,33,36,22,32,25,20,13,2,23,27,32,31,31,20,27,0,0,3,25,37,36,36,23,2,0,0,0,10,11,6,0,0,0,0,0,0,0,0,0,0
13,2025-04-22 20:11:31.399,96,47,0,0,0,0,0,0,0,0,0,0,1,0,0,0,16,0,0,9,5,5,1,11,9,4,0,14,25,28,17,19,22,13,0,26,34,39,36,35,17,23,4,38,24,31,47,37,18,26,7,19,35,44,32,22,20,27,7,33,36,22,32,25,20,13,2,23,27,32,31,31,20,27,0,0,3,25,37,36,36,23,2,0,0,0,10,11,6,0,0,0,0,0,0,0,0,0,0
14,2025-04-22 20:11:31.410,96,47,0,0,0,0,0,0,0,0,0,0,1,0,0,0,16,0,0,9,5,5,1,11,9,4,0,14,25,28,17,19,22,13,0,26,34,39,36,35,17,23,4,38,24,31,47,37,18,26,7,19,35,44,32,22,20,27,7,33,36,22,32,25,20,13,2,23,27,32,31,31,20,27,0,0,3,25,37,36,36,23,2,0,0,0,10,11,6,0,0,0,0,0,0,0,0,0,0
15,2025-04-22 20:11:31.421,96,47,0,0,0,0,0,0,0,0,0,0,1,0,0,0,16,0,0,9,5,5,1,11,9,4,0,14,25,28,17,19,22,13,0,26,34,39,36,35,17,23,4,38,24,31,47,37,18,26,7,19,35,44,32,22,20,27,7,33,36,22,32,25,20,13,2,23,27,32,31,31,20,27,0,0,3,25,37,36,36,23,2,0,0,0,10,11,6,0,0,0,0,0,0,0,0,0,0
16,2025-04-22 20:11:31.431,96,47,0,0,0,0,0,0,0,0,0,0,1,0,0,0,16,0,0,9,5,5,1,11,9,4,0,14,25,28,17,19,22,13,0,26,34,39,36,35,17,23,4,38,24,31,47,37,18,26,7,19,35,44,32,22,20,27,7,33,36,22,32,25,20,13,2,23,27,32,31,31,20,27,0,0,3,25,37,36,36,23,2,0,0,0,10,11,6,0,0,0,0,0,0,0,0,0,0
17,2025-04-22 20:11:31.442,96,47,0,0,0,0,0,0,0,0,0,0,1,0,0,0,16,0,0,9,5,5,1,11,9,4,0,14,25,28,17,19,22,13,0,26,34,39,36,35,17,23,4,38,24,31,47,37,18,26,7,19,35,44,32,22,20,27,7,33,36,22,32,25,20,13,2,23,27,32,31,31,20,27,0,0,3,25,37,36,36,23,2,0,0,0,10,11,6,0,0,0,0,0,0,0,0,0,0
18,2025-04-22 20:11:31.463,96,47,0,0,0,0,0,0,0,0,0,0,1,0,0,0,16,0,0,9,5,5,1,11,9,4,0,14,25,28,17,19,22,13,0,26,34,39,36,35,17,23,4,38,24,31,47,37,18,26,7,19,35,44,32,22,20,27,7,33,36,22,32,25,20,13,2,23,27,32,31,31,20,27,0,0,3,25,37,36,36,23,2,0,0,0,10,11,6,0,0,0,0,0,0,0,0,0,0
19,2025-04-22 20:11:31.474,96,47,0,0,0,0,0,0,0,0,0,0,1,0,0,0,16,0,0,9,5,5,1,11,9,4,0,14,25,28,17,19,22,12,0,26,34,39,36,35,17,23,4,38,24,31,47,37,18,26,7,19,35,44,32,22,20,27,7,33,36,22,32,25,20,13,2,23,27,32,31,31,20,27,0,0,3,25,37,36,36,23,2,0,0,0,10,11,6,0,0,0,0,0,0,0,0,0,0
20,2025-04-22 20:11:31.484,96,47,0,0,0,0,0,0,0,0,0,0,1,0,0,0,16,0,0,9,5,5,1,11,9,4,0,14,25,28,17,19,22,12,0,26,34,39,36,35,17,23,4,38,24,31,47,37,18,26,7,19,35,44,32,22,20,27,7,33,36,22,32,25,20,13,2,23,27,32,31,31,20,27,0,0,3,25,37,36,36,23,2,0,0,0,10,11,6,0,0,0,0,0,0,0,0,0,0
21,2025-04-22 20:11:31.496,96,47,0,0,0,0,0,0,0,0,0,0,1,0,0,0,16,0,0,9,5,5,1,11,9,4,0,14,25,28,17,19,22,12,0,26,34,39,36,35,17,23,4,38,24,31,47,37,18,26,7,19,35,44,32,22,20,27,7,33,36,22,32,25,20,13,2,23,27,32,31,31,20,27,0,0,3,25,37,36,36,23,2,0,0,0,10,11,6,0,0,0,0,0,0,0,0,0,0
22,2025-04-22 20:11:31.506,96,47,0,0,0,0,0,0,0,0,0,0,1,0,0,0,16,0,0,9,5,5,1,11,9,4,0,14,25,28,17,19,22,12,0,26,34,39,36,35,17,23,4,38,24,31,47,37,18,26,7,19,35,44,32,22,20,27,7,33,36,22,32,25,20,13,2,23,27,32,31,31,20,27,0,0,3,25,37,36,36,23,2,0,0,0,10,11,6,0,0,0,0,0,0,0,0,0,0
23,2025-04-22 20:11:31.516,96,47,0,0,0,0,0,0,0,0,0,0,1,0,0,0,16,0,0,9,5,5,1,11,9,4,0,14,25,28,17,19,22,12,0,26,34,39,36,35,17,23,4,38,24,31,47,37,18,26,7,19,35,44,32,22,20,27,7,33,36,22,32,25,20,13,2,23,27,32,31,31,20,27,0,0,3,25,37,36,36,23,2,0,0,0,10,11,6,0,0,0,0,0,0,0,0,0,0
24,2025-04-22 20:11:31.528,96,47,0,0,0,0,0,0,0,0,0,0,1,0,0,0,16,0,0,9,5,5,1,11,9,4,0,14,25,28,17,19,22,12,0,26,34,39,36,35,17,23,4,38,24,31,47,37,18,26,7,19,35,44,32,22,20,27,7,33,36,22,32,25,20,13,2,23,27,32,31,31,20,27,0,0,3,25,37,36,36,23,2,0,0,0,10,11,6,0,0,0,0,0,0,0,0,0,0
25,2025-04-22 20:11:31.539,96,47,0,0,0,0,0,0,0,0,0,0,1,0,0,0,16,0,0,9,5,5,1,11,9,4,0,14,25,28,17,19,22,12,0,26,34,39,36,35,17,23,4,38,24,31,47,37,18,26,7,19,35,44,32,22,20,27,7,33,36,22,32,25,20,13,2,23,27,32,31,31,20,27,0,0,3,25,37,36,36,23,2,0,0,0,10,11,6,0,0,0,0,0,0,0,0,0,0
26,2025-04-22 20:11:31.549,96,47,0,0,0,0,0,0,0,0,0,0,1,0,0,0,16,0,0,9,5,5,1,11,9,4,0,14,25,28,17,19,22,12,0,26,34,39,36,35,17,23,4,38,24,31,47,37,18,26,7,19,35,44,32,22,20,27,7,33,37,22,32,25,20,13,2,23,27,32,31,31,20,27,0,0,3,25,37,36,36,23,2,0,0,0,10,11,6,0,0,0,0,0,0,0,0,0,0
27,2025-04-22 20:11:31.558,96,47,0,0,0,0,0,0,0,0,0,0,1,0,0,0,16,0,0,9,5,5,1,11,9,4,0,14,25,28,17,19,22,12,0,26,34,39,36,35,17,23,4,38,24,31,47,37,18,26,7,19,35,44,32,22,20,27,7,33,37,22,32,25,20,13,2,23,27,32,31,31,20,27,0,0,3,25,37,36,36,23,2,0,0,0,10,11,6,0,0,0,0,0,0,0,0,0,0
28,2025-04-22 20:11:31.569,96,47,0,0,0,0,0,0,0,0,0,0,1,0,0,0,16,0,0,9,5,5,1,11,9,4,0,14,25,28,17,19,22,12,0,26,34,39,36,35,17,23,4,38,24,31,47,37,18,26,7,19,35,44,32,22,20,27,7,33,38,22,32,25,20,13,2,23,27,32,31,31,20,27,0,0,3,25,37,36,36,23,2,0,0,0,10,11,6,0,0,0,0,0,0,0,0,0,0
29,2025-04-22 20:11:31.581,96,47,0,0,0,0,0,0,0,0,0,0,0,0,0,0,16,0,0,9,5,5,1,11,9,4,0,14,25,28,17,19,22,12,0,26,34,39,36,35,17,23,4,38,24,31,47,37,18,26,7,19,35,44,32,22,20,27,7,33,38,22,32,25,20,13,2,23,27,32,31,31,20,27,0,0,3,25,37,36,36,23,2,0,0,0,10,11,6,0,0,0,0,0,0,0,0,0,0
30,2025-04-22 20:11:31.591,96,47,0,0,0,0,0,0,0,0,0,0,0,0,0,0,16,0,0,9,5,5,1,11,9,4,0,14,25,28,18,19,22,12,0,26,34,39,36,35,17,23,4,38,24,31,47,37,18,26,7,19,35,44,32,22,20,27,7,33,39,22,32,25,20,13,2,23,27,32,31,31,20,27,0,0,3,25,37,36,36,23,2,0,0,0,10,11,6,0,0,0,0,0,0,0,0,0,0
31,2025-04-22 20:11:31.602,96,47,0,0,0,0,0,0,0,0,0,0,0,0,0,0,16,0,0,9,5,5,1,11,9,4,0,14,25,28,18,19,22,12,0,26,34,39,36,35,17,23,4,38,24,31,47,37,18,26,7,19,36,44,32,22,20,27,7,33,39,22,32,25,20,13,2,23,27,32,31,31,20,27,0,0,4,25,37,36,36,23,2,0,0,1,10,11,6,0,0,0,0,0,0,0,0,0,0
32,2025-04-22 20:11:31.613,96,47,0,0,0,0,0,0,0,0,0,0,0,0,0,0,16,0,0,9,5,5,1,11,9,4,0,14,25,28,18,19,22,11,0,26,34,39,36,35,17,23,4,38,24,31,47,37,18,26,7,19,36,44,32,22,20,27,7,33,39,22,32,25,20,13,2,23,27,32,31,31,20,27,0,0,4,25,37,36,36,23,2,0,0,1,10,11,6,0,0,0,0,0,0,0,0,0,0
33,2025-04-22 20:11:31.623,96,47,0,0,0,0,0,0,0,0,0,0,0,0,0,0,16,0,0,9,5,5,1,11,9,4,0,14,25,28,18,19,22,11,0,26,34,39,36,35,17,23,4,38,24,31,47,37,18,26,7,19,36,44,32,22,20,27,7,33,40,22,32,25,20,13,2,23,28,32,31,31,20,27,0,0,4,25,37,36,36,23,2,0,0,1,10,11,6,0,0,0,0,0,0,0,0,0,0
34,2025-04-22 20:11:31.643,96,47,0,0,0,0,0,0,0,0,0,0,0,0,0,0,16,0,0,9,5,5,1,11,9,4,0,14,25,28,18,19,22,11,0,27,34,39,36,35,17,23,4,38,24,31,47,37,18,26,7,19,36,44,32,22,20,27,7,33,41,22,32,25,20,13,2,23,28,32,31,31,20,27,0,1,4,25,37,36,36,23,2,0,0,1,10,11,6,0,0,0,0,0,0,0,0,0,0
35,2025-04-22 20:11:31.654,96,47,0,0,0,0,0,0,0,0,0,0,0,0,0,0,16,0,0,9,5,5,1,11,9,4,0,14,25,28,18,19,22,11,0,27,34,39,36,35,17,23,4,38,24,31,47,37,18,26,7,19,36,45,32,22,20,27,7,33,41,22,32,25,20,13,2,23,29,32,31,31,20,27,0,1,5,25,37,36,36,23,2,0,0,1,10,11,6,0,0,0,0,0,0,0,0,0,0
36,2025-04-22 20:11:31.667,96,47,0,0,0,0,0,0,0,0,0,0,0,0,0,0,16,0,0,9,5,5,1,11,9,4,0,14,25,28,18,19,22,10,0,27,34,39,36,35,17,23,3,38,24,31,47,37,18,26,7,19,37,45,32,22,20,27,7,33,42,22,32,25,20,13,2,23,29,32,31,31,20,27,0,1,5,25,37,36,36,23,2,0,0,1,10,11,6,0,0,0,0,0,0,0,0,0,0
37,2025-04-22 20:11:31.677,96,47,0,0,0,0,0,0,0,0,0,0,0,0,0,0,16,0,0,9,5,5,1,11,9,4,0,15,25,28,18,19,22,10,0,27,34,39,36,35,17,23,3,38,24,31,47,37,18,26,7,19,37,45,32,22,20,27,7,34,43,22,32,25,20,13,2,23,29,32,31,31,20,27,1,1,5,25,37,36,36,23,2,0,0,1,10,11,6,0,0,0,0,0,0,0,0,0,0
38,2025-04-22 20:11:31.688,96,47,0,0,0,0,0,0,0,0,0,0,0,0,0,0,16,0,0,9,5,5,1,11,9,4,0,15,25,28,18,19,22,10,0,27,35,39,36,35,17,23,3,38,25,31,47,37,18,26,7,19,38,46,32,22,20,27,7,34,43,23,32,25,20,13,2,23,30,32,31,31,20,27,1,1,5,25,37,36,36,23,2,0,0,1,10,11,6,1,0,0,0,0,0,0,0,0,0
39,2025-04-22 20:11:31.698,96,47,0,0,0,0,0,0,0,0,0,0,0,0,0,0,16,0,0,9,5,5,1,11,9,4,0,16,25,28,18,19,21,10,0,28,35,39,36,35,17,23,3,39,25,31,47,37,18,26,7,19,38,47,32,22,20,27,7,34,44,24,32,25,20,13,2,24,30,32,31,31,20,27,1,1,6,25,37,36,36,23,2,0,0,1,10,11,6,1,0,0,0,0,0,0,0,0,0
40,2025-04-22 20:11:31.708,96,48,0,0,0,0,0,0,0,0,0,0,0,0,0,0,16,0,0,9,5,5,1,11,9,4,0,16,25,28,18,19,21,10,0,28,36,39,36,35,17,23,3,39,26,31,47,37,18,26,7,20,39,48,32,22,20,27,7,35,44,25,32,25,20,13,2,24,30,32,31,31,20,27,1,1,6,25,37,36,36,23,2,0,0,1,10,11,6,1,0,0,0,0,0,0,0,0,0
41,2025-04-22 20:11:31.720,96,48,0,0,0,0,0,0,0,0,0,0,0,0,0,0,16,0,0,9,5,4,1,11,9,4,0,16,25,28,18,19,21,10,0,28,36,39,36,35,17,23,3,39,26,31,47,37,18,26,7,20,39,48,32,22,20,27,7,35,45,25,33,25,20,13,2,25,31,33,31,31,20,27,1,1,6,25,37,36,36,23,2,0,0,1,11,12,6,1,0,0,0,0,0,0,0,0,0
42,2025-04-22 20:11:31.730,96,49,0,0,0,0,0,0,0,0,0,0,0,0,0,0,16,0,0,9,5,3,1,11,9,4,0,16,25,28,18,19,21,10,0,28,36,39,37,35,17,23,3,40,26,31,47,37,18,26,7,20,39,49,32,22,20,27,7,35,46,26,33,25,20,13,2,25,32,33,31,31,20,27,1,2,7,26,37,37,36,23,2,0,0,1,11,12,6,1,0,0,0,0,0,0,0,0,0
43,2025-04-22 20:11:31.741,96,49,0,0,0,0,0,0,0,0,0,0,0,0,0,0,16,0,0,9,5,3,1,11,9,4,0,16,25,28,18,19,21,10,0,29,37,40,37,35,17,23,3,40,26,32,47,37,18,26,7,20,40,49,32,22,20,27,7,35,46,26,33,25,20,13,2,25,33,34,31,31,20,27,1,2,7,26,37,37,37,23,2,0,0,1,11,12,6,1,0,0,0,0,0,0,0,0,0
44,2025-04-22 20:11:31.750,96,50,0,0,0,0,0,0,0,0,0,0,0,0,0,0,16,0,0,9,5,3,1,11,9,4,0,16,25,28,18,19,21,10,0,29,37,40,37,35,17,24,3,40,26,32,47,37,18,26,7,21,40,50,33,22,20,28,7,35,46,27,33,25,20,13,2,26,33,34,32,31,21,27,1,2,8,26,38,38,37,23,2,0,0,1,11,12,8,1,0,0,0,0,0,0,0,0,0
45,2025-04-22 20:11:31.761,96,51,0,0,0,0,0,0,0,0,0,0,0,0,0,0,16,0,0,9,5,3,1,11,9,4,0,16,25,28,18,19,21,10,0,29,37,40,37,36,17,24,3,40,26,32,47,38,18,26,7,21,40,51,33,22,20,28,7,36,46,27,34,25,20,13,2,26,33,34,32,32,21,27,1,2,8,26,39,39,37,23,2,0,0,1,11,12,8,1,0,0,0,0,0,0,0,0,0
46,2025-04-22 20:11:31.773,96,52,0,0,0,0,0,0,0,0,0,0,0,0,0,0,16,0,0,9,5,3,1,11,9,4,0,16,25,28,18,19,21,10,0,30,37,41,37,37,17,25,4,42,26,32,47,38,18,27,7,22,41,52,34,22,20,29,7,36,47,27,34,25,21,13,3,27,34,35,33,32,21,27,2,2,8,27,40,39,37,24,2,0,0,1,12,12,9,1,0,0,0,0,0,0,0,0,0
47,2025-04-22 20:11:31.784,96,52,0,0,0,0,0,0,0,0,0,0,0,0,0,0,16,0,0,9,5,3,1,11,9,4,0,16,25,28,18,19,21,10,0,30,37,42,38,39,18,26,5,43,26,33,48,39,18,28,7,23,41,52,34,22,20,29,7,36,47,28,34,26,21,13,3,27,35,35,33,32,22,27,3,3,8,28,40,40,38,24,2,0,0,1,12,13,10,1,0,0,0,0,0,0,0,0,0
48,2025-04-22 20:11:31.794,96,53,0,0,0,0,0,0,0,0,0,0,0,0,0,0,16,0,0,9,5,3,1,11,9,4,0,16,25,28,19,19,21,10,0,30,37,42,38,39,18,26,6,43,26,34,48,39,18,28,8,23,42,53,35,22,21,30,8,36,47,29,35,26,21,13,4,28,35,37,34,33,22,28,3,4,9,29,41,41,38,25,3,0,0,1,13,14,12,1,0,0,0,0,0,0,0,0,0
49,2025-04-22 20:11:31.814,96,54,0,0,0,0,0,0,0,0,0,0,0,0,0,0,16,0,0,8,5,3,1,11,9,4,0,16,25,29,19,19,21,10,0,30,37,42,38,40,19,26,7,44,27,35,48,39,18,29,8,23,42,54,36,22,21,31,8,36,48,29,36,26,21,13,4,28,36,38,34,34,23,29,5,5,10,29,41,41,39,25,3,0,0,1,14,15,13,1,0,0,0,0,0,0,0,0,0
50,2025-04-22 20:11:31.826,96,54,0,0,0,0,0,0,0,0,0,0,0,0,0,0,16,0,0,8,5,3,1,11,9,4,0,16,26,29,19,19,21,10,0,30,37,42,38,41,19,27,7,44,27,35,48,39,18,30,9,24,43,54,36,23,21,31,9,36,48,30,36,27,21,13,4,28,36,38,35,34,23,29,6,5,10,30,42,42,40,26,4,0,0,2,15,17,14,1,0,0,0,0,0,0,0,0,0
51,2025-04-22 20:11:31.837,96,54,0,0,0,0,0,0,0,0,0,0,0,0,0,0,16,0,0,7,5,3,1,11,9,4,0,16,26,29,20,20,22,10,1,30,37,42,39,41,20,28,7,45,28,35,48,40,19,30,9,24,43,54,37,23,22,32,9,36,48,30,36,27,22,13,5,29,37,39,36,35,23,30,9,5,10,30,43,44,41,27,5,0,0,3,17,18,16,2,0,0,0,0,0,0,0,0,0
52,2025-04-22 20:11:31.848,96,55,0,0,0,0,0,0,0,0,0,0,0,0,0,0,16,0,0,7,5,3,1,11,10,4,0,16,26,29,20,20,22,10,1,30,37,42,39,42,20,28,8,45,28,35,49,40,19,31,10,24,44,55,37,24,22,32,9,36,48,30,37,27,23,13,5,30,38,40,36,35,23,30,10,5,10,30,43,44,41,27,6,0,0,3,17,19,17,2,0,0,0,0,0,0,0,0,0
53,2025-04-22 20:11:31.858,96,56,0,0,0,0,0,0,0,0,0,0,0,0,0,0,16,0,0,7,5,3,1,11,11,4,0,16,26,29,21,21,22,10,1,31,37,42,39,43,20,29,8,46,29,35,49,40,20,31,10,24,44,56,38,25,23,33,10,36,49,30,38,28,24,14,5,31,38,40,37,36,24,31,12,6,11,31,45,45,42,28,8,0,0,4,18,20,18,4,0,0,0,0,0,0,0,0,0
54,2025-04-22 20:11:31.869,96,56,0,0,0,0,0,0,0,0,0,0,0,0,0,0,16,0,0,7,5,3,1,11,11,4,0,16,26,29,22,21,22,10,1,31,37,43,39,44,20,29,8,46,29,36,50,40,20,31,11,24,44,56,38,25,23,33,10,37,49,31,38,28,24,15,5,31,39,41,37,37,24,31,13,6,11,32,46,46,43,28,8,0,0,4,19,21,19,4,0,0,0,0,0,0,0,0,0
55,2025-04-22 20:11:31.879,96,57,0,0,0,0,0,0,0,0,0,0,0,0,0,0,14,0,0,7,4,3,1,11,12,4,0,16,27,29,22,22,23,10,1,32,37,43,40,44,21,29,8,46,30,37,50,40,22,31,12,24,45,57,39,26,24,33,10,37,50,31,39,29,25,15,6,32,39,42,38,38,25,32,13,7,12,33,47,47,43,29,9,0,0,5,20,22,20,5,0,0,0,0,0,0,0,0,0
56,2025-04-22 20:11:31.891,96,57,0,0,0,0,0,0,0,0,0,0,0,0,0,0,14,0,0,7,4,3,1,11,12,4,0,16,27,29,22,22,23,10,1,32,37,43,41,45,22,29,8,47,30,37,50,41,22,32,12,24,45,57,39,27,24,33,10,37,50,31,39,29,25,15,6,32,40,42,38,38,25,32,13,7,13,34,47,47,44,29,10,0,0,5,21,23,21,5,0,0,0,0,0,0,0,0,0
57,2025-04-22 20:11:31.901,96,58,0,0,0,0,0,0,0,0,0,0,0,0,0,0,13,0,0,7,4,3,1,11,12,4,0,16,28,29,22,23,24,10,1,32,37,43,42,45,22,29,10,47,30,38,50,42,24,33,13,25,46,58,40,28,25,34,11,37,50,31,39,30,26,15,7,33,40,43,39,39,26,33,15,8,14,35,48,48,44,30,12,0,0,6,22,25,23,7,0,0,0,0,0,0,0,0,0
58,2025-04-22 20:11:31.911,96,58,0,0,0,0,0,0,0,0,0,0,0,0,0,0,13,0,0,7,4,3,1,11,12,4,0,16,28,29,22,23,24,11,1,32,37,43,42,46,22,29,10,47,30,38,50,43,25,33,13,26,46,58,40,29,26,35,11,38,51,32,40,30,27,16,8,34,40,44,39,40,26,33,15,9,14,36,49,49,44,31,13,0,0,6,23,26,24,8,0,0,0,0,0,0,0,0,0
59,2025-04-22 20:11:31.922,96,58,0,0,0,0,0,0,0,0,0,0,0,0,0,0,12,0,0,7,4,3,1,12,14,4,0,16,28,29,23,25,25,11,1,32,37,43,43,48,22,29,11,47,30,39,50,44,26,34,13,27,46,58,41,30,27,35,12,38,51,32,40,31,28,17,10,34,41,44,40,42,27,35,17,9,14,37,49,50,45,32,15,0,0,6,24,27,26,10,0,0,0,0,0,0,0,0,0
60,2025-04-22 20:11:31.932,96,59,0,0,0,0,0,0,0,0,0,0,0,0,0,0,12,0,0,7,4,3,1,13,15,4,0,16,28,29,23,26,25,12,1,32,37,44,43,49,22,30,11,48,30,39,50,44,26,34,13,27,46,59,41,30,27,36,13,38,51,32,40,31,29,17,11,35,41,45,40,43,27,35,17,9,14,38,50,51,45,33,16,0,0,6,24,28,27,10,0,0,0,0,0,0,0,0,0
61,2025-04-22 20:11:31.943,96,59,0,0,0,0,0,0,0,0,0,0,0,0,0,0,12,0,0,7,4,3,1,13,17,4,0,16,28,30,24,27,27,13,1,32,37,44,43,50,23,31,12,48,30,40,51,45,27,35,13,27,47,59,42,31,28,37,14,38,52,32,41,32,30,19,13,35,41,45,41,45,28,37,19,10,15,39,51,51,46,35,18,0,0,6,25,30,29,12,1,0,0,0,0,0,0,0,0
62,2025-04-22 20:11:31.955,96,59,0,0,0,0,0,0,0,0,0,0,0,0,0,0,12,0,0,7,4,3,2,13,18,4,0,16,28,30,24,27,27,14,1,32,37,44,43,51,23,31,13,48,30,40,51,45,28,36,14,27,47,59,42,31,29,37,15,38,52,32,41,32,30,20,14,36,42,46,42,45,29,38,19,10,15,40,51,52,47,36,19,0,0,6,26,31,29,13,1,0,0,0,0,0,0,0,0
63,2025-04-22 20:11:31.964,96,60,0,0,0,0,0,0,0,0,0,0,0,0,0,0,12,0,0,6,4,3,2,15,19,4,0,16,27,32,24,28,28,16,1,32,37,44,44,52,24,32,13,48,30,41,52,46,29,37,15,27,47,60,43,33,30,39,16,39,52,32,42,34,31,21,16,37,43,46,43,47,30,39,20,12,17,41,52,53,48,37,21,0,0,8,27,33,30,15,1,0,0,0,0,0,0,0,0
64,2025-04-22 20:11:31.985,96,60,0,0,0,0,0,0,0,0,0,0,0,0,0,0,12,0,0,6,4,3,3,16,21,4,0,18,26,34,25,28,28,16,1,32,37,44,45,52,24,32,14,49,30,41,52,47,29,38,15,27,47,60,43,34,30,40,17,39,53,32,43,34,32,21,17,37,43,46,43,48,31,39,20,13,18,42,53,54,48,38,22,0,0,9,28,34,31,16,1,0,0,0,0,0,0,0,0
65,2025-04-22 20:11:31.997,96,61,0,0,0,0,0,0,0,0,0,0,0,0,0,0,12,0,0,6,4,4,4,16,22,4,0,19,26,34,26,29,28,16,1,32,37,44,46,53,25,34,14,49,30,42,54,49,30,39,16,27,48,61,44,36,31,41,17,39,54,32,44,36,33,22,19,38,44,48,44,50,32,40,22,15,20,43,55,56,49,39,24,0,0,11,30,36,33,18,1,0,0,0,0,0,0,0,0
66,2025-04-22 20:11:32.007,96,61,0,0,0,0,0,0,0,0,0,0,0,0,0,0,12,0,0,6,4,4,5,16,23,4,0,19,26,36,26,30,29,16,1,32,37,44,47,55,25,36,15,49,30,43,54,50,31,40,16,27,48,61,44,36,31,42,18,39,55,33,44,37,34,22,20,39,44,48,44,51,32,41,23,16,21,44,56,57,49,39,25,0,0,11,30,37,33,19,1,0,0,0,0,0,0,0,0
67,2025-04-22 20:11:32.017,96,62,0,0,0,0,0,0,0,0,0,0,0,0,0,0,12,0,0,6,4,4,6,16,23,4,0,19,27,36,26,31,29,16,1,33,37,44,47,56,26,37,16,49,32,43,55,50,32,41,17,28,50,62,45,37,32,43,19,40,56,35,45,38,35,23,22,39,45,49,45,51,33,42,24,17,22,45,58,58,50,41,27,0,0,12,32,39,34,20,1,0,0,0,0,0,0,0,0
68,2025-04-22 20:11:32.029,96,62,0,0,0,0,0,0,0,0,0,0,0,0,0,0,12,0,0,6,4,4,7,17,24,5,0,19,28,38,28,32,30,17,1,33,38,44,48,57,27,38,17,50,33,43,56,51,33,43,18,29,52,62,47,38,34,44,19,40,56,35,46,38,35,24,23,40,45,49,46,52,33,43,25,17,22,45,59,59,51,42,27,0,0,13,33,40,35,21,1,0,0,0,0,0,0,0,0
69,2025-04-22 20:11:32.039,96,63,0,0,0,0,0,0,0,0,0,0,0,0,0,0,12,0,0,6,4,4,7,17,24,5,0,19,28,38,28,33,31,17,2,33,39,44,48,58,27,38,18,51,33,43,57,51,34,43,19,30,53,63,48,39,34,44,20,41,57,36,48,38,37,26,24,41,47,50,48,53,34,44,26,18,23,45,60,60,52,44,29,0,0,14,36,42,36,23,1,0,0,0,0,0,0,0,0
70,2025-04-22 20:11:32.050,96,65,0,0,0,0,0,0,0,0,0,0,0,0,0,0,12,0,0,6,4,4,7,19,24,5,0,19,29,40,29,36,31,19,2,33,41,44,49,59,28,39,20,53,34,43,57,53,36,45,21,31,54,65,48,40,36,46,20,42,59,37,50,39,38,27,26,43,48,51,48,53,35,44,26,18,23,46,61,61,53,45,29,0,0,14,37,43,37,24,2,0,0,0,0,0,0,0,0
71,2025-04-22 20:11:32.059,96,66,0,0,0,0,0,0,0,0,0,0,0,0,0,0,12,0,0,6,4,4,7,19,24,5,0,19,29,41,29,38,32,20,3,33,42,44,50,60,29,40,21,53,35,43,58,54,37,46,22,31,55,66,49,40,37,46,21,42,59,37,51,40,39,28,26,44,49,53,50,55,37,46,28,20,25,48,63,63,54,47,31,0,1,15,40,45,39,26,4,0,0,0,0,0,0,0,0
72,2025-04-22 20:11:32.071,96,67,0,0,0,0,0,0,0,0,0,0,0,0,0,0,12,0,0,6,4,4,7,20,24,5,0,19,29,44,30,43,33,23,5,33,43,46,51,62,29,41,21,54,37,45,59,56,37,48,24,31,57,67,49,41,38,48,21,42,60,38,51,42,41,29,27,44,50,55,51,57,38,48,30,20,26,49,63,64,55,48,32,0,1,16,41,46,40,26,5,0,0,0,0,0,0,0,0
73,2025-04-22 20:11:32.082,96,67,0,0,0,0,0,0,0,0,0,0,0,0,0,0,12,0,0,6,4,4,8,20,24,5,0,19,29,45,30,45,33,25,6,33,44,46,52,63,29,41,22,54,38,45,59,57,38,49,25,31,57,67,50,41,39,49,22,42,60,39,52,43,41,29,28,45,50,56,52,58,39,48,30,22,28,50,65,65,56,50,34,0,1,18,44,48,42,28,7,0,0,0,0,0,0,0,0
74,2025-04-22 20:11:32.092,96,68,0,0,0,0,0,0,0,0,0,0,0,0,0,0,11,0,0,6,4,4,8,20,24,5,0,19,29,47,32,49,34,27,8,33,45,47,54,65,29,42,22,54,40,46,60,59,39,50,27,31,59,68,51,42,39,51,24,42,62,40,53,45,42,30,29,45,52,58,53,58,39,49,31,22,29,51,65,66,56,51,34,0,1,19,45,49,42,28,8,0,0,0,0,0,0,0,0
75,2025-04-22 20:11:32.102,96,69,0,0,0,0,0,0,0,0,0,0,0,0,0,0,11,0,0,6,4,5,9,20,24,5,0,20,29,48,33,50,35,28,9,34,45,47,54,66,30,42,23,54,41,47,61,59,39,51,28,31,59,69,51,42,40,51,25,42,63,40,54,46,43,30,30,46,52,59,54,59,40,49,32,23,29,51,67,67,58,53,36,0,3,21,47,50,44,29,10,0,0,0,0,0,0,0,0
76,2025-04-22 20:11:32.111,96,70,0,0,0,0,0,0,0,0,0,0,0,0,0,0,11,0,0,6,4,6,10,20,25,5,0,20,29,50,37,52,37,30,11,34,47,48,55,68,32,44,24,54,43,48,62,61,41,52,30,33,60,70,52,44,42,53,27,43,65,40,55,48,44,30,32,47,53,61,56,59,41,50,34,23,30,52,68,67,59,53,36,0,3,22,48,51,44,29,11,0,0,0,0,0,0,0,0
77,2025-04-22 20:11:32.134,96,71,0,0,0,0,0,0,0,0,0,0,0,0,0,0,11,0,0,6,4,7,10,20,25,6,0,20,29,51,39,53,38,32,12,34,47,49,56,68,33,45,25,55,44,49,63,61,42,52,31,33,61,71,53,45,42,54,27,44,65,41,56,49,45,31,32,47,53,62,57,60,42,51,35,24,32,54,69,69,60,55,38,0,4,24,49,52,46,31,12,0,0,0,0,0,0,0,0
78,2025-04-22 20:11:32.145,96,73,0,0,0,0,0,0,0,0,0,0,0,0,0,0,11,0,0,6,4,9,10,21,27,7,0,20,30,53,41,57,40,35,14,34,49,49,56,69,33,47,26,56,46,51,65,63,44,54,34,34,62,73,55,46,44,56,29,45,66,41,57,50,46,32,32,48,53,63,58,61,43,52,36,25,33,55,69,69,60,55,39,0,5,25,50,53,47,32,12,0,0,0,0,0,0,0,0
79,2025-04-22 20:11:32.155,96,74,0,0,0,0,0,0,0,0,0,0,0,0,0,0,11,0,0,6,4,10,11,22,28,8,0,20,30,54,42,59,41,36,14,34,50,50,56,70,33,48,26,57,47,52,65,64,45,55,36,34,62,74,56,47,45,57,30,45,67,42,58,52,48,34,34,48,54,65,59,63,45,54,38,25,35,57,71,71,62,57,41,0,6,27,52,54,48,34,13,0,0,0,0,0,0,0,0
80,2025-04-22 20:11:32.166,96,75,0,0,0,0,0,0,0,0,0,0,0,0,0,0,11,0,0,6,3,11,13,24,30,9,0,20,32,55,43,63,43,38,14,34,52,50,57,71,34,51,27,58,49,52,66,65,46,56,38,34,63,75,57,48,46,57,31,45,68,42,59,53,49,35,35,48,55,66,60,64,46,55,39,25,35,58,72,71,63,58,42,0,7,28,53,55,49,35,14,0,0,0,0,0,0,0,0
81,2025-04-22 20:11:32.176,96,75,0,0,0,0,0,0,0,0,0,0,0,0,0,0,11,0,0,6,3,11,14,25,31,9,0,20,33,56,43,64,44,40,14,35,53,50,58,72,35,53,27,58,50,52,67,66,48,58,41,34,64,75,57,50,48,59,31,46,69,43,59,55,50,36,37,49,56,68,62,66,48,57,41,25,36,58,73,73,65,60,43,0,8,29,55,56,50,37,15,0,0,0,0,0,0,0,0
82,2025-04-22 20:11:32.186,96,76,0,0,0,0,0,0,0,0,0,0,0,0,0,1,11,0,0,7,1,12,15,27,32,11,0,21,35,57,44,66,46,42,15,35,54,50,58,73,36,55,28,59,51,52,67,67,49,59,42,34,65,76,58,51,49,60,32,46,70,43,60,56,50,36,37,50,56,69,63,67,49,58,42,25,37,59,74,74,66,61,43,0,8,30,56,56,50,38,16,0,0,0,0,0,0,1,0
83,2025-04-22 20:11:32.198,96,78,0,0,0,0,0,0,0,0,0,0,0,0,0,1,11,0,0,7,1,13,15,28,33,12,0,22,36,57,44,67,47,43,16,37,55,51,58,74,38,57,29,59,52,53,68,68,51,61,43,36,67,78,58,53,50,62,33,47,72,44,61,58,51,37,39,51,58,69,65,69,50,60,43,25,38,60,76,75,66,63,44,0,8,31,57,58,51,40,17,0,0,0,0,0,0,1,0
84,2025-04-22 20:11:32.209,96,79,0,0,0,0,0,0,0,0,0,0,1,0,0,1,11,0,0,8,1,14,15,30,34,14,1,23,38,57,44,68,48,44,17,37,55,51,59,75,39,58,30,59,53,54,69,69,52,62,44,37,68,79,59,53,51,63,33,47,72,45,62,59,51,38,39,51,58,70,66,70,51,61,44,25,38,61,76,75,66,64,45,0,8,32,58,58,52,41,17,0,0,0,0,0,0,1,0
85,2025-04-22 20:11:32.218,96,80,0,0,0,0,0,0,0,0,0,0,1,0,0,1,11,0,0,8,1,14,15,31,35,15,1,24,39,58,44,70,49,44,19,38,55,52,60,75,41,59,32,60,53,55,71,70,54,64,46,39,69,80,60,55,52,64,34,48,73,46,63,61,53,39,41,53,60,71,67,72,52,62,46,27,39,61,77,76,68,66,47,0,8,33,59,60,53,43,19,0,0,0,0,0,0,1,0
86,2025-04-22 20:11:32.229,96,80,0,0,0,0,0,0,0,0,0,0,1,0,0,1,13,0,0,8,1,16,15,31,35,15,1,24,40,58,44,71,49,44,20,39,56,53,61,76,42,60,33,61,54,55,72,71,55,64,47,40,69,80,61,56,53,65,34,48,74,47,64,62,53,40,41,53,60,71,68,73,53,63,47,27,40,62,78,77,69,67,48,0,9,34,59,61,54,44,19,0,0,0,0,0,0,1,0
87,2025-04-22 20:11:32.240,96,82,0,0,0,0,0,0,0,0,0,0,1,0,0,1,14,0,0,8,1,17,15,31,37,16,1,24,42,58,45,73,51,46,21,40,57,55,63,78,44,61,35,62,55,56,74,72,57,65,49,42,70,82,62,57,55,66,35,48,75,48,65,64,54,42,43,55,61,72,70,75,55,65,49,27,41,63,79,78,70,69,49,0,11,34,61,62,55,46,21,0,0,0,0,0,0,2,0
88,2025-04-22 20:11:32.251,96,82,0,0,0,0,0,0,0,0,0,0,1,0,0,1,15,0,0,8,1,18,15,31,38,16,1,24,42,58,45,74,51,47,22,40,57,56,64,79,45,62,35,63,56,56,75,73,58,66,49,43,70,82,62,57,56,67,35,48,76,48,65,65,55,42,44,55,62,72,71,76,56,66,50,28,42,64,79,78,71,70,50,0,12,35,62,63,56,47,21,0,0,0,0,0,0,2,0
89,2025-04-22 20:11:32.260,96,83,0,0,0,0,0,0,0,0,0,0,1,0,0,1,17,0,0,8,1,18,15,31,40,16,1,24,42,58,47,76,53,50,24,40,57,56,65,80,46,64,37,63,58,57,75,74,61,67,51,44,72,83,64,59,58,68,37,49,76,48,66,67,57,44,46,56,63,73,72,76,58,66,51,29,43,64,80,78,72,72,51,0,14,36,64,65,58,48,22,0,0,0,0,0,0,3,0
90,2025-04-22 20:11:32.272,96,84,0,0,0,0,0,0,0,0,0,0,1,0,0,1,18,0,0,8,1,18,15,31,41,16,1,24,42,58,48,76,54,50,25,41,57,57,66,81,47,65,38,63,58,57,76,74,62,67,51,45,73,84,65,60,59,69,37,50,76,48,66,67,58,44,46,57,64,74,73,77,59,67,52,29,43,65,81,79,73,73,51,0,15,36,65,66,59,49,23,0,0,0,0,0,0,3,0
91,2025-04-22 20:11:32.293,96,85,0,0,0,0,0,0,0,0,0,0,1,0,0,1,19,0,0,8,1,18,15,31,43,16,1,24,43,58,50,77,56,50,28,41,57,58,67,83,49,67,39,63,58,58,76,75,64,68,52,46,75,85,67,62,61,70,39,52,77,48,67,69,59,46,47,58,65,75,75,78,61,68,53,30,43,65,83,80,74,73,52,0,17,37,67,68,60,50,23,0,0,0,0,0,0,4,0
92,2025-04-22 20:11:32.303,96,85,0,0,0,0,0,0,0,0,0,0,1,0,0,1,20,0,0,8,1,18,15,31,44,17,1,24,44,58,50,77,57,50,29,41,57,59,67,84,50,67,40,63,58,58,76,76,65,69,52,47,76,85,68,62,62,71,40,52,77,49,68,69,60,46,48,58,66,76,75,79,62,68,54,31,43,66,83,81,74,74,52,0,18,38,68,68,60,50,24,0,0,0,0,0,0,5,0
93,2025-04-22 20:11:32.312,96,86,0,0,0,0,0,0,0,0,0,1,1,0,0,1,22,0,0,7,2,19,14,32,45,19,1,25,44,59,50,79,59,49,31,41,57,60,67,85,52,68,41,64,58,60,77,78,67,71,53,47,76,86,69,63,62,73,41,53,78,51,68,70,61,47,48,58,66,78,75,80,64,69,55,31,43,66,84,82,75,74,53,0,18,39,68,69,61,52,24,0,0,0,0,0,0,6,0
94,2025-04-22 20:11:32.324,96,86,0,0,0,0,0,0,0,0,0,1,1,0,0,1,23,0,0,7,2,19,13,32,45,20,2,26,44,60,50,80,60,49,32,41,57,60,67,86,53,69,42,64,58,60,77,79,68,71,53,47,76,86,70,63,63,74,42,53,78,51,69,71,62,48,49,59,66,78,76,81,64,69,55,31,43,67,84,82,76,75,53,0,18,39,69,70,62,53,24,0,0,0,0,0,0,7,0
95,2025-04-22 20:11:32.334,96,87,0,0,0,0,0,0,0,0,0,0,1,0,0,1,25,0,0,7,2,21,12,34,46,22,2,26,44,61,50,81,62,49,34,41,57,60,68,87,55,69,43,66,58,61,77,80,70,72,54,47,77,87,70,63,64,75,42,54,78,52,69,71,64,49,49,59,67,79,76,81,65,71,56,31,43,68,84,83,77,75,54,0,18,40,71,71,63,55,25,0,0,0,0,1,1,8,0
96,2025-04-22 20:11:32.343,96,87,0,0,0,0,0,0,0,0,0,0,1,0,0,1,26,0,0,7,2,22,11,35,46,23,2,26,44,62,51,81,64,49,34,41,57,60,69,87,56,69,43,67,59,62,78,81,71,72,54,47,77,87,71,63,65,76,42,54,78,52,70,72,64,49,49,60,67,80,77,82,66,71,56,31,43,68,84,83,78,76,54,0,19,40,72,71,64,55,25,0,0,0,0,1,1,8,0
97,2025-04-22 20:11:32.354,96,88,0,0,0,0,0,0,0,0,0,0,1,0,0,1,28,0,0,7,3,23,11,37,47,25,3,26,44,62,52,81,67,50,34,41,57,60,71,88,58,69,45,67,60,63,78,82,71,73,55,47,78,88,71,64,65,77,43,55,79,53,71,73,66,50,50,61,67,80,77,83,68,72,57,31,44,69,85,84,79,77,55,0,19,41,73,72,64,56,26,0,0,0,0,1,2,8,0
98,2025-04-22 20:11:32.365,96,89,0,0,0,0,0,0,0,0,0,0,1,0,0,1,29,0,0,7,4,23,11,37,48,26,3,26,44,62,53,81,68,51,34,41,57,60,72,89,58,70,45,68,61,64,79,82,72,74,56,47,78,88,72,64,66,77,43,55,80,54,71,73,66,50,51,61,67,80,78,83,69,73,57,31,44,69,85,84,80,77,55,0,19,42,74,72,65,56,26,0,0,0,0,1,2,8,0
99,2025-04-22 20:11:32.375,96,89,0,0,0,0,0,0,0,0,0,1,1,0,0,1,31,0,0,7,6,23,11,37,49,28,3,27,44,62,55,81,70,52,36,41,58,60,73,89,60,71,45,68,61,65,80,83,73,74,56,48,79,89,73,65,67,78,44,55,81,54,72,74,67,51,51,62,68,80,79,84,69,74,58,31,44,69,86,84,80,78,55,0,20,43,74,72,65,57,27,0,0,0,0,1,2,8,0
100,2025-04-22 20:11:32.386,96,89,0,0,0,0,0,0,0,0,0,0,1,0,0,1,32,0,0,7,6,23,11,37,50,29,3,27,44,62,56,81,70,53,36,41,59,60,74,89,60,72,45,68,61,65,80,83,73,74,57,48,79,89,73,65,67,79,44,55,82,54,72,74,67,51,51,62,68,80,79,84,69,74,58,31,44,70,86,85,80,79,56,0,20,44,75,72,66,58,27,0,0,0,0,1,3,9,0
101,2025-04-22 20:11:32.406,96,90,0,0,0,0,0,0,0,0,0,0,1,0,0,1,32,0,0,7,6,23,11,37,51,30,3,27,44,62,59,81,70,55,38,41,60,62,75,90,61,72,45,69,61,66,80,83,73,75,57,48,79,90,74,65,67,79,45,55,82,54,73,74,67,51,52,62,68,81,80,84,69,75,59,31,44,70,87,85,80,79,56,0,21,44,76,72,66,58,27,0,0,0,0,1,3,10,0
102,2025-04-22 20:11:32.417,96,91,0,0,0,0,0,0,0,0,0,0,1,0,0,1,32,0,0,7,6,24,11,37,51,30,3,27,44,62,60,81,71,56,38,41,60,62,75,90,61,72,45,69,61,66,80,83,73,75,57,49,79,91,74,65,67,79,45,56,82,54,73,74,67,52,52,62,68,81,80,84,69,75,59,31,44,71,87,85,80,79,56,0,21,45,76,72,66,59,27,0,0,0,0,1,3,10,0
103,2025-04-22 20:11:32.427,96,91,0,0,0,0,0,0,0,0,0,0,1,0,0,1,32,0,0,7,6,25,11,37,51,30,3,27,44,62,61,81,71,57,38,41,60,63,75,90,61,72,45,69,61,66,80,83,73,75,57,49,79,91,74,65,67,79,45,56,82,54,73,74,67,52,52,62,68,81,80,84,69,75,59,31,44,71,87,85,80,79,56,1,21,45,76,72,66,59,27,0,0,0,0,1,3,10,0
104,2025-04-22 20:11:32.437,96,91,0,0,0,0,0,0,0,0,0,0,1,0,0,1,32,0,0,7,6,25,11,37,51,30,3,27,44,62,63,81,71,58,38,41,60,65,76,90,61,72,45,69,61,66,80,83,73,75,57,49,79,91,74,65,67,79,45,56,82,54,73,74,67,52,52,62,68,81,81,84,69,75,59,31,44,71,87,85,80,79,56,1,21,45,76,72,66,59,27,0,0,0,0,1,4,10,0
105,2025-04-22 20:11:32.447,96,91,0,0,0,0,0,0,0,0,0,0,1,0,0,1,32,0,0,7,6,26,11,37,51,30,3,27,44,62,64,81,71,59,38,42,61,65,76,90,61,72,45,69,61,66,80,83,73,75,57,49,79,91,74,65,67,79,45,56,82,54,73,74,67,52,52,62,68,81,81,84,69,75,59,31,44,71,87,85,80,79,56,1,21,45,76,72,66,59,27,0,0,0,0,1,4,10,0
106,2025-04-22 20:11:32.457,96,91,0,0,0,0,0,0,0,0,0,0,1,0,0,1,32,0,0,7,6,26,11,37,51,30,3,27,44,62,64,81,71,59,38,42,61,66,76,90,61,72,45,69,61,66,80,83,73,75,57,49,79,91,74,65,67,79,45,56,82,54,73,74,67,52,52,62,68,81,81,84,69,75,59,31,44,71,87,85,80,79,56,0,21,45,76,72,66,59,27,0,0,0,0,1,4,10,0
107,2025-04-22 20:11:32.468,96,91,0,0,0,0,0,0,0,0,0,0,1,0,0,1,32,0,0,7,6,27,11,37,51,30,3,27,44,62,65,81,71,59,38,42,61,66,76,90,61,72,45,69,61,66,80,83,73,75,57,49,79,91,74,65,67,79,45,56,82,54,73,74,67,52,52,62,68,81,81,84,69,75,59,31,44,71,87,85,80,79,56,0,21,45,76,72,66,59,27,0,0,0,0,1,4,10,0
108,2025-04-22 20:11:32.479,96,91,0,0,0,0,0,0,0,0,0,0,1,0,0,1,32,0,0,7,6,27,11,37,51,30,3,27,44,62,65,81,71,59,38,42,61,66,76,90,61,72,45,69,60,66,80,83,73,75,57,49,79,91,74,65,67,79,45,56,82,54,73,74,67,52,52,62,68,81,81,84,69,75,59,31,44,71,87,85,80,79,56,0,21,44,76,72,66,59,27,0,0,0,0,1,4,10,0
109,2025-04-22 20:11:32.489,96,89,0,0,0,0,0,0,0,0,0,0,1,0,0,1,32,0,0,7,6,27,11,37,51,30,3,27,44,62,65,81,71,59,38,42,61,66,76,89,61,72,45,69,58,65,80,83,72,74,57,49,79,89,74,65,67,78,45,56,81,54,73,74,67,52,52,62,68,79,81,84,69,75,59,31,43,71,87,85,80,79,56,0,20,42,74,72,66,59,27,0,0,0,0,1,1,10,0
110,2025-04-22 20:11:32.499,96,87,0,0,0,0,0,0,0,0,0,0,1,0,0,1,32,0,0,7,6,27,11,37,51,30,3,27,44,62,65,80,71,58,38,41,59,66,74,87,60,71,43,69,56,63,80,81,70,72,57,47,78,87,72,64,66,76,43,55,79,53,71,72,65,51,51,60,67,77,79,82,67,75,58,30,42,70,86,84,80,79,56,0,18,40,72,71,65,57,27,0,0,0,0,1,1,10,0
111,2025-04-22 20:11:32.520,96,86,0,0,0,0,0,0,0,0,0,0,1,0,0,1,32,0,0,7,6,27,11,36,51,29,3,27,44,62,65,78,71,57,37,41,58,65,73,85,59,70,42,68,55,62,80,80,69,71,56,46,77,86,71,63,65,75,43,54,78,53,70,70,64,50,50,59,66,75,78,81,66,74,57,29,41,69,85,83,79,79,55,0,17,39,70,70,64,56,27,0,0,0,0,0,1,10,0
112,2025-04-22 20:11:32.530,96,84,0,0,0,0,0,0,0,0,0,0,1,0,0,1,30,0,0,7,6,27,11,34,49,28,3,26,44,61,62,74,69,54,34,39,56,63,71,82,56,68,40,66,53,60,78,77,66,68,54,44,75,84,68,61,62,73,41,52,76,51,68,67,60,48,48,57,64,72,74,78,62,72,55,28,39,67,82,81,77,77,54,0,15,37,66,68,62,54,27,0,0,0,0,0,0,8,0
113,2025-04-22 20:11:32.541,96,83,0,0,0,0,0,0,0,0,0,0,1,0,0,1,29,0,0,7,6,26,11,33,48,27,3,25,43,60,60,72,67,52,32,38,55,62,70,80,54,67,39,65,52,59,77,75,64,67,53,42,73,83,67,59,60,71,40,51,75,50,67,66,58,47,47,55,63,70,72,76,60,70,54,27,37,66,80,80,76,75,53,0,14,36,64,67,61,52,26,0,0,0,0,0,0,7,0
114,2025-04-22 20:11:32.551,96,81,0,0,0,0,0,0,0,0,0,0,1,0,0,1,27,0,0,6,6,23,10,31,45,23,1,22,41,58,56,69,64,48,27,36,53,60,66,78,51,64,37,62,48,56,74,71,60,63,50,39,69,81,64,55,56,67,37,49,72,48,64,62,55,45,43,52,59,66,68,73,56,66,51,25,33,63,76,78,73,71,52,0,12,34,60,64,58,48,24,0,0,0,0,0,0,4,0
115,2025-04-22 20:11:32.562,96,80,0,0,0,0,0,0,0,0,0,0,1,0,0,1,26,0,0,6,6,21,9,30,43,21,1,21,40,56,55,67,63,46,24,35,52,59,64,76,49,62,36,61,46,54,73,69,57,61,48,37,68,80,62,53,54,65,36,48,70,47,62,60,54,43,41,51,57,64,66,71,54,64,49,24,31,61,75,77,72,69,51,0,11,32,58,62,56,46,23,0,0,0,0,0,0,1,0
116,2025-04-22 20:11:32.572,96,77,0,0,0,0,0,0,0,0,0,0,1,0,0,0,24,0,0,5,5,17,7,28,41,19,0,19,38,54,52,63,60,42,19,33,50,56,61,72,45,58,34,58,43,50,69,65,51,57,45,34,64,77,58,48,50,61,33,46,66,44,59,55,51,39,38,48,54,60,62,67,50,61,43,22,28,58,72,75,70,65,47,0,9,30,54,58,53,42,21,0,0,0,0,0,0,0,0
117,2025-04-22 20:11:32.583,96,75,0,0,0,0,0,0,0,0,0,0,1,0,0,0,23,0,0,5,4,15,6,27,39,18,0,18,37,53,50,62,58,41,17,32,49,55,59,70,43,56,33,57,41,49,67,63,48,56,42,33,62,75,57,46,48,59,31,45,64,43,57,53,50,38,36,47,53,58,60,65,48,59,41,21,27,56,70,73,69,63,45,0,8,29,52,56,51,40,20,0,0,0,0,0,0,0,0
118,2025-04-22 20:11:32.594,96,71,0,0,0,0,0,0,0,0,0,0,1,0,0,0,21,0,0,4,0,12,4,25,36,16,0,17,34,49,47,59,54,37,14,30,47,52,55,66,39,52,30,55,39,47,64,59,43,54,36,31,58,71,54,42,45,56,28,43,61,41,53,49,48,35,33,44,50,54,56,61,44,56,37,19,24,52,66,70,65,59,44,0,7,28,50,54,50,38,19,0,0,0,0,0,0,0,0
119,2025-04-22 20:11:32.603,96,69,0,0,0,0,0,0,0,0,0,0,1,0,0,0,19,0,0,4,0,11,4,24,34,15,0,16,33,47,46,57,52,36,13,29,46,51,53,64,37,50,29,54,37,45,63,57,41,52,34,30,56,69,52,40,43,54,27,42,59,40,51,47,47,34,31,42,48,52,54,59,42,54,35,18,22,50,64,68,63,58,40,0,5,26,46,50,46,35,17,0,0,0,0,0,0,0,0
120,2025-04-22 20:11:32.614,96,66,0,0,0,0,0,0,0,0,0,0,1,0,0,0,16,0,0,4,0,9,4,22,30,12,0,14,31,41,43,53,49,34,11,26,43,48,50,60,35,46,26,51,34,42,60,53,37,49,30,28,53,65,50,36,39,50,24,40,55,37,48,43,43,31,27,39,46,50,50,55,38,51,32,16,20,48,62,66,61,56,39,0,1,24,44,48,44,33,16,0,0,0,0,0,0,0,0
121,2025-04-22 20:11:32.625,96,64,0,0,0,0,0,0,0,0,0,0,1,0,0,0,15,0,0,4,0,8,4,21,28,10,0,13,30,38,41,51,47,33,10,25,42,46,48,59,34,44,25,50,32,41,58,51,35,47,27,26,51,64,49,34,37,48,23,39,53,35,47,41,41,30,25,38,44,49,48,53,36,49,30,15,17,44,60,62,58,52,35,0,0,20,40,44,40,29,14,0,0,0,0,0,0,0,0
122,2025-04-22 20:11:32.646,96,60,0,0,0,0,0,0,0,0,0,0,1,0,0,0,13,0,0,4,0,6,4,19,24,8,0,11,28,34,37,48,45,29,8,23,39,43,45,55,32,40,23,47,30,39,56,47,31,43,23,23,48,60,46,30,32,44,21,37,50,33,44,38,37,26,21,36,43,48,47,51,34,48,28,14,16,42,58,60,56,50,34,0,0,19,37,42,38,27,12,0,0,0,0,0,0,0,0
123,2025-04-22 20:11:32.656,96,59,0,0,0,0,0,0,0,0,0,0,1,0,0,0,12,0,0,3,0,5,4,18,22,7,0,10,27,32,35,46,44,28,7,21,38,41,44,54,31,38,21,45,29,38,55,45,29,41,21,22,47,59,45,28,30,42,19,36,48,32,43,37,36,25,19,34,40,44,44,47,31,44,26,13,14,39,55,56,53,46,31,0,0,17,33,38,35,23,8,0,0,0,0,0,0,0,0
124,2025-04-22 20:11:32.666,96,55,0,0,0,0,0,0,0,0,0,0,0,0,0,0,10,0,0,3,0,4,4,15,20,7,0,9,25,28,31,43,41,25,5,19,36,38,42,50,29,34,19,43,27,36,52,41,26,37,18,21,44,55,42,26,27,40,17,35,46,30,40,34,32,24,18,32,39,43,43,45,30,43,24,12,13,38,54,54,52,44,29,0,0,16,30,35,33,21,6,0,0,0,0,0,0,0,0
125,2025-04-22 20:11:32.676,96,54,0,0,0,0,0,0,0,0,0,0,0,0,0,0,9,0,0,3,0,4,4,14,19,6,0,8,25,26,29,41,40,24,4,18,35,37,41,49,28,32,18,42,26,35,51,40,25,36,17,20,43,54,40,24,26,39,16,34,45,29,39,32,30,22,16,30,37,40,41,42,28,40,22,11,11,35,51,50,50,40,26,0,0,14,26,30,30,17,4,0,0,0,0,0,0,0,0
126,2025-04-22 20:11:32.687,96,51,0,0,0,0,0,0,0,0,0,0,0,0,0,0,9,0,0,3,0,3,4,12,16,5,0,7,23,23,25,39,38,22,3,18,34,35,40,46,27,28,16,41,24,34,49,38,23,33,15,20,40,51,38,22,25,37,15,34,43,27,37,30,28,20,14,29,35,37,39,40,27,38,19,9,11,33,48,47,49,39,25,0,0,13,24,28,28,16,1,0,0,0,0,0,0,0,0
127,2025-04-22 20:11:32.698,96,50,0,0,0,0,0,0,0,0,0,0,0,0,0,0,9,0,0,3,0,3,4,11,15,5,0,7,22,22,24,38,36,22,1,18,33,34,39,44,26,27,15,40,24,33,48,37,22,32,14,19,39,50,37,21,24,35,15,33,42,26,36,29,27,19,12,29,34,35,38,39,27,37,18,9,10,32,47,46,47,36,22,0,0,11,21,24,26,13,1,0,0,0,0,0,0,0,0
128,2025-04-22 20:11:32.708,96,48,0,0,0,0,0,0,0,0,0,0,0,0,0,0,9,0,0,3,0,1,4,9,15,4,0,7,20,21,22,36,34,22,1,17,32,32,38,41,25,25,13,39,24,32,47,35,20,31,12,19,37,48,35,21,23,33,15,33,41,24,35,29,25,18,10,28,32,33,37,36,26,36,16,7,10,30,45,44,45,34,18,0,0,9,19,22,24,11,0,0,0,0,0,0,0,0,0
129,2025-04-22 20:11:32.721,96,48,0,0,0,0,0,0,0,0,0,0,0,0,0,0,9,0,0,3,0,1,4,8,15,4,0,7,18,20,22,35,33,21,1,16,31,31,38,40,25,24,12,38,24,32,46,34,19,31,11,18,36,48,34,20,23,32,15,33,40,23,35,28,24,17,9,28,31,33,36,35,26,35,15,6,9,30,44,43,45,33,17,0,0,8,18,21,23,10,0,0,0,0,0,0,0,0,0
130,2025-04-22 20:11:32.730,96,46,0,0,0,0,0,0,0,0,0,0,0,0,0,0,8,0,0,3,0,1,4,7,14,3,0,6,16,19,21,33,33,20,1,16,30,30,37,38,24,23,12,36,23,31,46,33,17,30,9,18,35,46,34,20,22,31,14,32,38,22,34,28,24,17,9,27,30,32,35,34,25,35,13,6,9,30,44,41,43,32,15,0,0,7,17,19,21,8,0,0,0,0,0,0,0,0,0
131,2025-04-22 20:11:32.740,96,46,0,0,0,0,0,0,0,0,0,0,0,0,0,0,8,0,0,3,0,1,4,7,13,3,0,6,14,17,19,31,32,19,1,16,29,30,37,37,23,22,12,35,22,30,46,32,16,30,8,18,34,45,33,20,21,30,14,32,37,21,33,27,23,17,9,26,29,32,34,32,25,34,11,6,9,30,43,40,43,32,13,0,0,7,16,17,20,7,0,0,0,0,0,0,0,0,0
132,2025-04-22 20:11:32.751,96,46,0,0,0,0,0,0,0,0,0,0,0,0,0,0,8,0,0,3,0,1,4,7,13,3,0,6,13,17,19,30,32,19,1,16,28,30,36,37,23,21,12,35,22,30,46,32,15,30,8,18,34,44,33,20,20,30,14,31,36,21,32,27,23,16,9,26,29,32,33,32,25,33,11,5,9,29,42,40,43,31,12,0,0,6,16,16,20,7,0,0,0,0,0,0,0,0,0
133,2025-04-22 20:11:32.761,96,45,0,0,0,0,0,0,0,0,0,0,0,0,0,0,8,0,0,3,0,1,4,6,12,1,0,6,13,15,18,29,31,18,0,16,28,30,36,37,22,21,12,34,22,30,45,32,15,30,8,18,33,43,33,19,20,29,14,31,35,20,32,26,23,16,8,26,28,31,33,32,25,33,11,5,9,28,41,39,42,31,11,0,0,6,15,16,20,6,0,0,0,0,0,0,0,0,0
134,2025-04-22 20:11:32.772,96,45,0,0,0,0,0,0,0,0,0,0,0,0,0,0,8,0,0,3,0,1,3,5,12,1,0,6,13,15,18,29,30,17,0,16,27,29,35,36,22,21,12,34,22,29,45,32,15,29,8,18,33,43,32,19,20,29,13,30,34,20,32,26,23,16,8,26,27,30,32,32,25,33,11,4,9,28,40,39,42,31,11,0,0,5,14,16,20,5,0,0,0,0,0,0,0,0,0
135,2025-04-22 20:11:32.792,96,45,0,0,0,0,0,0,0,0,0,0,0,0,0,0,7,0,0,3,0,1,3,5,11,1,0,6,13,15,18,28,30,17,0,16,27,28,35,36,22,21,12,33,22,29,45,32,15,28,8,18,33,42,32,18,20,29,13,30,33,20,32,25,22,16,7,26,26,30,32,31,24,32,11,4,8,27,40,39,42,31,11,0,0,5,14,15,19,4,0,0,0,0,0,0,0,0,0
136,2025-04-22 20:11:32.803,96,45,0,0,0,0,0,0,0,0,0,0,0,0,0,0,7,0,0,3,0,1,1,4,10,1,0,6,13,14,18,28,29,17,0,16,27,27,35,36,21,21,12,33,22,29,45,32,15,28,8,18,33,42,32,18,20,29,13,30,32,20,32,25,22,16,6,26,26,30,32,31,24,32,11,4,8,27,40,39,42,31,10,0,0,5,14,15,19,4,0,0,0,0,0,0,0,0,0
137,2025-04-22 20:11:32.813,96,45,0,0,0,0,0,0,0,0,0,0,0,0,0,0,7,0,0,3,0,1,1,4,10,1,0,6,13,14,18,28,29,17,0,16,27,27,35,36,21,21,11,32,22,29,45,32,15,28,8,18,33,42,32,18,20,29,12,30,32,20,32,24,22,15,5,25,26,30,31,31,24,31,10,4,8,27,40,39,41,29,10,0,0,5,13,15,18,4,0,0,0,0,0,0,0,0,0
138,2025-04-22 20:11:32.826,96,44,0,0,0,0,0,0,0,0,0,0,0,0,0,0,7,0,0,3,0,1,0,3,10,1,0,6,12,14,17,28,28,16,0,16,27,27,35,36,21,20,11,32,22,29,44,32,14,27,7,18,32,42,31,18,20,28,12,30,32,20,32,23,21,15,4,25,25,30,31,31,23,31,10,4,8,27,40,39,41,29,10,0,0,5,13,14,18,3,0,0,0,0,0,0,0,0,0
139,2025-04-22 20:11:32.834,96,44,0,0,0,0,0,0,0,0,0,0,0,0,0,0,7,0,0,3,0,1,0,3,9,1,0,6,12,14,17,28,27,15,0,16,26,27,35,35,21,20,10,32,22,29,44,31,14,27,7,18,32,41,31,18,19,27,12,30,32,20,31,23,21,15,4,25,25,30,31,30,22,31,9,4,8,27,40,38,41,28,9,0,0,5,13,14,17,3,0,0,0,0,0,0,0,0,0
140,2025-04-22 20:11:32.845,96,44,0,0,0,0,0,0,0,0,0,0,0,0,0,0,7,0,0,3,0,1,0,3,9,1,0,6,11,14,17,27,26,15,0,16,26,27,35,35,21,20,10,32,22,29,44,31,14,26,6,18,31,41,30,18,19,26,12,30,32,20,31,23,21,15,4,25,25,29,30,30,22,31,8,4,8,26,40,38,41,28,9,0,0,5,13,14,17,3,0,0,0,0,0,0,0,0,0
141,2025-04-22 20:11:32.856,96,44,0,0,0,0,0,0,0,0,0,0,0,0,0,0,7,0,0,3,0,1,0,3,9,1,0,6,11,13,17,27,26,15,0,16,25,27,35,35,21,20,10,32,22,28,44,31,14,26,6,18,31,41,30,18,19,26,12,30,31,20,31,23,21,15,4,25,25,29,30,30,22,31,7,4,8,26,40,38,40,28,9,0,0,5,13,14,17,3,0,0,0,0,0,0,0,0,0
142,2025-04-22 20:11:32.866,96,44,0,0,0,0,0,0,0,0,0,0,0,0,0,0,7,0,0,3,0,1,0,3,9,1,0,6,11,12,16,27,25,14,0,16,25,27,34,35,21,20,10,31,22,28,44,31,14,26,6,18,31,41,30,18,19,26,12,30,31,20,31,23,21,15,4,25,25,29,30,30,22,31,6,4,8,26,39,38,40,28,9,0,0,5,13,14,17,3,0,0,0,0,0,0,0,0,0
143,2025-04-22 20:11:32.877,96,44,0,0,0,0,0,0,0,0,0,0,0,0,0,0,7,0,0,3,0,1,0,1,9,1,0,6,11,11,16,27,25,14,0,16,25,27,34,35,21,19,10,30,22,28,44,31,14,26,6,18,31,41,30,18,19,26,12,30,31,20,31,22,21,15,4,25,25,29,29,30,22,31,6,4,8,26,39,37,40,28,9,0,0,5,13,14,17,3,0,0,0,0,0,0,0,0,0
144,2025-04-22 20:11:32.886,96,44,0,0,0,0,0,0,0,0,0,0,0,0,0,0,6,0,0,3,0,1,0,1,9,1,0,6,11,11,16,27,24,14,0,16,25,27,34,35,21,19,10,30,22,28,44,31,14,26,6,17,31,41,30,18,18,26,12,30,31,20,31,22,21,15,3,25,24,29,29,30,22,31,6,4,8,26,39,37,40,28,9,0,0,5,13,14,17,3,0,0,0,0,0,0,0,0,0
145,2025-04-22 20:11:32.897,96,44,0,0,0,0,0,0,0,0,0,0,0,0,0,0,6,0,0,3,0,1,0,1,9,1,0,6,11,10,16,27,23,14,0,16,25,27,34,35,21,19,10,30,22,28,44,31,14,25,6,17,31,41,30,18,18,25,12,29,31,19,31,22,21,15,3,25,24,29,29,29,22,30,6,4,8,26,38,37,40,27,9,0,0,5,13,14,16,3,0,0,0,0,0,0,0,0,0
146,2025-04-22 20:11:32.918,96,44,0,0,0,0,0,0,0,0,0,0,0,0,0,0,6,0,0,3,0,1,0,1,9,1,0,6,11,9,16,27,23,14,0,16,24,27,34,35,21,19,10,30,21,28,44,31,14,25,6,17,30,40,30,18,18,24,12,29,30,19,31,22,20,15,3,25,24,28,29,29,22,30,6,4,7,25,38,37,40,27,9,0,0,5,13,14,16,3,0,0,0,0,0,0,0,0,0
147,2025-04-22 20:11:32.927,96,44,0,0,0,0,0,0,0,0,0,0,0,0,0,0,6,0,0,3,0,1,0,1,8,1,0,6,11,8,16,27,23,14,0,16,24,27,34,35,21,19,9,30,21,28,44,31,14,25,6,17,30,40,30,18,17,24,12,29,30,19,31,22,20,15,3,25,23,28,29,29,22,30,6,4,7,25,38,36,40,27,8,0,0,5,13,14,15,1,0,0,0,0,0,0,0,0,0
148,2025-04-22 20:11:32.938,96,44,0,0,0,0,0,0,0,0,0,0,0,0,0,0,6,0,0,3,0,1,0,1,8,1,0,6,11,8,16,27,23,14,0,15,23,27,34,34,20,19,9,29,20,27,44,31,13,25,6,17,30,40,29,18,17,24,12,28,29,18,31,21,19,15,3,24,23,28,28,29,22,30,6,4,6,24,37,36,39,27,8,0,0,5,12,14,15,1,0,0,0,0,0,0,0,0,0
149,2025-04-22 20:11:32.950,96,44,0,0,0,0,0,0,0,0,0,0,0,0,0,0,6,0,0,3,0,1,0,1,8,1,0,5,11,8,16,26,22,14,0,15,22,27,33,33,20,19,9,29,20,27,44,30,13,25,6,16,30,40,29,18,17,24,12,27,28,18,30,21,19,14,3,24,21,28,28,28,21,29,6,3,4,24,37,35,39,27,7,0,0,4,12,14,14,1,0,0,0,0,0,0,0,0,0
150,2025-04-22 20:11:32.960,96,44,0,0,0,0,0,0,0,0,0,0,0,0,0,0,6,0,0,3,0,1,0,1,7,1,0,4,11,8,15,25,20,13,0,15,22,27,33,33,20,18,8,29,20,27,44,30,13,25,6,16,30,39,29,18,17,24,11,27,28,17,30,21,18,14,3,24,20,27,27,28,20,29,6,1,4,23,36,35,39,26,7,0,0,3,11,13,14,1,0,0,0,0,0,0,0,0,0
151,2025-04-22 20:11:32.969,96,43,0,0,0,0,0,0,0,0,0,0,0,0,0,0,6,0,0,3,0,1,0,1,6,1,0,4,11,8,15,25,20,13,0,15,22,27,33,32,19,18,8,29,20,27,43,30,12,25,6,16,29,39,29,18,17,23,11,26,28,17,30,21,18,14,3,23,20,26,27,27,20,29,6,0,3,22,35,34,39,26,7,0,0,0,11,12,13,1,0,0,0,0,0,0,0,0,0
152,2025-04-22 20:11:32.980,96,43,0,0,0,0,0,0,0,0,0,0,0,0,0,0,6,0,0,3,0,1,0,1,6,1,0,4,10,8,15,24,20,12,0,15,22,26,32,31,19,17,8,29,20,26,43,30,12,25,6,16,29,39,29,18,16,23,11,26,28,17,30,20,18,13,1,23,19,26,27,26,20,29,6,0,3,22,35,34,38,26,7,0,0,0,11,12,13,1,0,0,0,0,0,0,0,0,0
153,2025-04-22 20:11:32.991,96,43,0,0,0,0,0,0,0,0,0,0,0,0,0,0,6,0,0,3,0,1,0,1,5,1,0,4,10,8,14,24,19,11,0,15,21,26,32,30,19,17,7,28,19,26,43,29,11,25,5,15,29,39,28,18,16,22,10,25,27,16,29,20,18,13,1,22,19,25,26,25,20,28,6,0,1,20,33,34,38,25,7,0,0,0,10,11,11,0,0,0,0,0,0,0,0,0,0
154,2025-04-22 20:11:33.001,96,42,0,0,0,0,0,0,0,0,0,0,0,0,0,0,5,0,0,3,0,0,0,1,5,1,0,4,10,8,14,22,17,10,0,15,20,25,31,29,18,16,5,27,18,25,42,28,11,24,5,15,28,38,28,18,15,22,9,24,26,15,27,18,17,12,1,22,18,25,25,24,20,28,6,0,1,20,32,33,37,23,7,0,0,0,10,10,9,0,0,0,0,0,0,0,0,0,0
155,2025-04-22 20:11:33.010,96,42,0,0,0,0,0,0,0,0,0,0,0,0,0,0,3,0,0,3,0,0,0,0,4,1,0,3,10,8,13,21,15,9,0,14,18,23,31,28,18,15,1,27,18,24,42,28,11,24,5,14,28,38,27,17,15,21,9,24,25,15,26,18,17,12,1,21,17,24,25,24,19,27,5,0,1,19,31,33,37,22,7,0,0,0,9,10,9,0,0,0,0,0,0,0,0,0,0
156,2025-04-22 20:11:33.031,96,42,0,0,0,0,0,0,0,0,0,0,0,0,0,0,1,0,0,3,0,0,0,0,4,1,0,3,9,7,13,21,15,9,0,14,17,23,30,28,17,13,0,26,17,24,42,27,10,23,5,14,27,37,27,17,14,20,8,23,24,14,25,18,16,12,1,21,16,23,24,22,19,27,4,0,0,18,30,32,36,21,6,0,0,0,9,10,9,0,0,0,0,0,0,0,0,0,0
157,2025-04-22 20:11:33.041,96,41,0,0,0,0,0,0,0,0,0,0,0,0,0,0,1,0,0,3,0,0,0,0,3,1,0,3,9,7,12,19,14,8,0,13,15,23,29,27,16,12,0,25,16,23,41,26,10,22,5,14,26,36,26,17,14,19,7,22,22,13,25,18,14,12,0,20,15,22,23,21,18,27,3,0,0,17,28,31,35,20,5,0,0,0,7,9,9,0,0,0,0,0,0,0,0,0,0
158,2025-04-22 20:11:33.054,96,41,0,0,0,0,0,0,0,0,0,0,0,0,0,0,0,0,0,3,0,0,0,0,3,0,0,3,9,5,11,17,13,7,0,13,13,22,27,26,15,11,0,23,16,23,41,26,10,20,4,13,26,35,25,16,13,19,6,21,21,13,24,17,12,11,0,20,15,21,22,21,17,26,1,0,0,15,26,30,34,20,4,0,0,0,5,8,8,0,0,0,0,0,0,0,0,0,0
159,2025-04-22 20:11:33.063,96,40,0,0,0,0,0,0,0,0,0,0,0,0,0,0,0,0,0,3,0,0,0,0,3,0,0,3,9,5,11,17,13,7,0,13,13,22,26,26,14,10,0,23,15,22,40,25,10,19,4,13,26,35,25,16,13,18,5,21,21,12,23,17,12,11,0,20,15,21,21,20,17,26,1,0,0,14,25,29,33,19,4,0,0,0,5,8,8,0,0,0,0,0,0,0,0,0,0
160,2025-04-22 20:11:33.075,96,40,0,0,0,0,0,0,0,0,0,0,0,0,0,0,0,0,0,3,0,0,0,0,1,0,0,3,9,4,11,17,11,7,0,12,12,21,24,24,13,9,0,21,15,21,40,25,9,19,3,13,25,34,24,15,13,17,5,21,20,12,22,16,12,10,0,19,14,20,19,20,16,25,1,0,0,13,23,27,33,17,3,0,0,0,4,7,8,0,0,0,0,0,0,0,0,0,0
161,2025-04-22 20:11:33.085,96,38,0,0,0,0,0,0,0,0,0,0,0,0,0,0,0,0,0,3,0,0,0,0,1,0,0,1,8,4,11,16,10,7,0,10,12,20,23,23,12,8,0,20,14,20,38,24,9,18,3,13,24,33,24,15,12,16,4,20,19,11,21,15,12,10,0,18,12,19,17,19,16,25,0,0,0,12,22,25,32,15,1,0,0,0,3,7,7,0,0,0,0,0,0,0,0,0,0
162,2025-04-22 20:11:33.094,96,37,0,0,0,0,0,0,0,0,0,0,0,0,0,0,0,0,0,1,0,0,0,0,1,0,0,1,7,4,10,16,10,7,0,10,11,19,23,22,11,8,0,19,13,20,37,24,8,17,3,13,24,33,23,15,11,16,4,19,19,10,21,15,12,9,0,18,12,19,17,19,15,24,0,0,0,12,21,24,31,14,0,0,0,0,3,7,7,0,0,0,0,0,0,0,0,0,0
163,2025-04-22 20:11:33.105,96,37,0,0,0,0,0,0,0,0,0,0,0,0,0,0,0,0,0,1,1,0,0,0,1,0,0,1,7,4,9,15,9,7,0,10,11,19,22,21,11,8,0,19,13,20,37,24,8,16,3,13,24,33,23,15,11,16,4,19,19,10,20,14,12,9,0,18,12,19,17,19,15,24,0,0,0,12,21,24,31,13,0,0,0,0,3,6,7,0,0,0,0,0,0,0,0,0,0
164,2025-04-22 20:11:33.117,96,36,0,0,0,0,0,0,0,0,0,0,0,0,0,0,0,0,0,1,0,0,0,0,1,0,0,1,7,4,8,14,9,6,0,10,11,19,22,21,11,7,0,19,13,20,36,24,8,15,1,13,24,33,22,14,11,16,4,19,19,10,20,14,12,8,0,18,12,19,17,19,15,23,0,0,0,12,21,23,30,13,0,0,0,0,1,6,6,0,0,0,0,0,0,0,0,0,0
165,2025-04-22 20:11:33.127,96,36,0,0,0,0,0,0,0,0,0,0,0,0,0,0,0,0,0,1,1,0,0,0,1,0,0,1,6,3,8,14,9,5,0,9,11,18,22,21,11,7,0,19,13,20,36,24,8,15,0,13,24,33,22,14,10,15,3,19,19,10,20,14,12,8,0,18,12,19,17,19,15,22,0,0,0,11,20,23,30,12,0,0,0,0,0,5,4,0,0,0,0,0,0,0,0,0,0
166,2025-04-22 20:11:33.138,96,36,0,0,0,0,0,0,0,0,0,0,0,0,0,0,0,0,0,1,1,0,0,0,1,0,0,1,6,3,8,14,9,5,0,9,11,18,22,21,11,7,0,19,13,19,36,24,8,15,0,13,23,33,22,14,10,15,3,19,19,10,20,14,12,8,0,18,12,19,17,19,15,22,0,0,0,11,20,23,29,11,0,0,0,0,0,5,3,0,0,0,0,0,0,0,0,0,0
167,2025-04-22 20:11:33.149,96,36,0,0,0,0,0,0,0,0,0,0,0,0,0,0,0,0,0,1,1,0,0,0,1,0,0,1,6,3,8,14,8,4,0,9,11,18,22,21,11,7,0,19,13,19,36,24,8,14,0,13,23,33,22,14,10,15,1,19,19,10,20,14,12,7,0,18,12,19,17,19,14,21,0,0,0,11,20,23,28,11,0,0,0,0,0,4,3,0,0,0,0,0,0,0,0,0,0
168,2025-04-22 20:11:33.159,96,36,0,0,0,0,0,0,0,0,0,0,0,0,0,0,0,0,0,1,1,0,0,0,1,0,0,1,6,3,7,14,8,4,0,9,11,17,22,21,11,7,0,19,13,19,36,24,8,14,0,13,23,33,22,14,10,15,0,19,19,10,20,14,12,7,0,18,12,19,17,19,14,20,0,0,0,11,20,22,28,11,0,0,0,0,0,4,3,0,0,0,0,0,0,0,0,0,0
169,2025-04-22 20:11:33.170,96,36,0,0,0,0,0,0,0,0,0,0,0,0,0,0,0,0,0,1,1,0,0,0,1,0,0,1,6,3,7,14,8,4,0,9,11,17,22,21,11,7,0,19,13,19,36,24,8,14,0,13,23,33,22,14,10,15,0,19,19,10,20,14,12,7,0,18,12,18,17,19,13,20,0,0,0,11,19,22,28,11,0,0,0,0,0,4,1,0,0,0,0,0,0,0,0,0,0
170,2025-04-22 20:11:33.192,96,36,0,0,0,0,0,0,0,0,0,0,0,0,0,0,0,0,0,1,1,0,0,0,1,0,0,1,6,3,6,13,8,4,0,9,11,16,22,20,11,6,0,18,13,19,36,24,8,13,0,13,23,33,22,14,9,15,0,19,19,10,20,14,12,7,0,18,12,18,17,19,13,20,0,0,0,11,19,22,28,11,0,0,0,0,0,4,1,0,0,0,0,0,0,0,0,0,0
171,2025-04-22 20:11:33.203,96,36,0,0,0,0,0,0,0,0,0,0,0,0,0,0,0,0,0,1,1,0,0,0,1,0,0,1,6,3,6,13,8,4,0,9,11,16,22,20,11,6,0,18,13,19,36,24,7,13,0,13,23,32,22,14,9,15,0,19,19,10,20,14,12,7,0,18,12,18,17,19,12,20,0,0,0,10,19,22,28,11,0,0,0,0,0,4,1,0,0,0,0,0,0,0,0,0,0
172,2025-04-22 20:11:33.213,96,36,0,0,0,0,0,0,0,0,0,0,0,0,0,0,0,0,0,1,1,0,0,0,1,0,0,1,6,3,6,12,8,4,0,9,11,16,22,20,11,6,0,18,13,19,36,24,7,13,0,13,23,32,22,14,9,15,0,19,19,10,20,14,12,7,0,18,12,18,17,19,12,20,0,0,0,10,19,22,28,11,0,0,0,0,0,4,1,0,0,0,0,0,0,0,0,0,0
173,2025-04-22 20:11:33.223,96,36,0,0,0,0,0,0,0,0,0,0,0,0,0,0,0,0,0,1,1,0,0,0,1,0,0,1,6,3,6,11,8,3,0,9,11,16,22,20,11,6,0,18,13,19,36,24,7,12,0,13,23,32,22,14,9,14,0,19,19,10,20,14,12,7,0,18,12,18,17,19,12,20,0,0,0,10,19,22,28,11,0,0,0,0,0,4,1,0,0,0,0,0,0,0,0,0,0
174,2025-04-22 20:11:33.234,96,36,0,0,0,0,0,0,0,0,0,0,0,0,0,0,0,0,0,1,1,0,0,0,1,0,0,1,6,3,6,11,8,3,0,9,11,16,22,20,10,6,0,18,13,19,36,24,7,11,0,13,23,32,22,14,9,13,0,19,19,10,20,14,12,7,0,18,12,18,17,19,12,20,0,0,0,10,18,22,28,11,0,0,0,0,0,4,0,0,0,0,0,0,0,0,0,0,0
175,2025-04-22 20:11:33.245,96,36,0,0,0,0,0,0,0,0,0,0,0,0,0,0,0,0,0,1,1,0,0,0,1,0,0,1,6,3,6,11,8,3,0,9,11,16,22,20,10,6,0,18,13,19,36,24,7,11,0,13,23,32,22,14,9,13,0,19,19,10,20,14,12,7,0,18,12,18,17,19,12,20,0,0,0,10,17,22,28,10,0,0,0,0,0,3,0,0,0,0,0,0,0,0,0,0,0
176,2025-04-22 20:11:33.257,96,36,0,0,0,0,0,0,0,0,0,0,0,0,0,0,0,0,0,1,1,0,0,0,1,0,0,1,6,3,6,11,8,3,0,9,11,15,22,20,9,6,0,18,13,19,36,24,7,11,0,13,23,32,22,14,9,12,0,19,19,10,20,14,12,7,0,18,12,18,17,19,12,19,0,0,0,10,17,22,28,10,0,0,0,0,0,3,0,0,0,0,0,0,0,0,0,0,0
177,2025-04-22 20:11:33.266,96,36,0,0,0,0,0,0,0,0,0,0,0,0,0,0,0,0,0,1,1,0,0,0,1,0,0,1,6,3,6,11,8,1,0,9,11,15,22,20,9,6,0,18,13,19,36,24,7,11,0,13,23,32,22,14,9,12,0,19,19,10,20,14,12,7,0,18,12,18,17,19,12,19,0,0,0,10,17,22,28,10,0,0,0,0,0,3,0,0,0,0,0,0,0,0,0,0,0
178,2025-04-22 20:11:33.277,96,36,0,0,0,0,0,0,0,0,0,0,0,0,0,0,0,0,0,1,1,0,0,0,1,0,0,1,6,3,6,11,8,1,0,9,11,15,22,20,9,6,0,18,13,19,36,24,7,11,0,13,23,32,22,14,9,12,0,19,19,10,20,14,12,7,0,18,12,18,17,19,12,19,0,0,0,10,17,22,28,10,0,0,0,0,0,3,0,0,0,0,0,0,0,0,0,0,0
179,2025-04-22 20:11:33.287,96,36,0,0,0,0,0,0,0,0,0,0,0,0,0,0,0,0,0,1,1,0,0,0,1,0,0,1,6,3,6,11,8,1,0,9,11,15,22,20,9,6,0,18,13,19,36,24,7,11,0,13,23,32,22,14,9,12,0,19,19,10,20,14,12,7,0,18,12,18,17,19,12,19,0,0,0,10,17,22,27,10,0,0,0,0,0,3,0,0,0,0,0,0,0,0,0,0,0
180,2025-04-22 20:11:33.298,96,36,0,0,0,0,0,0,0,0,0,0,0,0,0,0,0,0,0,1,1,0,0,0,1,0,0,1,6,3,6,11,8,1,0,9,11,15,22,20,9,6,0,18,13,19,36,24,7,11,0,13,23,32,22,14,9,12,0,19,19,10,20,14,12,7,0,18,12,18,17,19,12,19,0,0,0,10,17,22,27,10,0,0,0,0,0,3,0,0,0,0,0,0,0,0,0,0,0
181,2025-04-22 20:11:33.309,96,36,0,0,0,0,0,0,0,0,0,0,0,0,0,0,0,0,0,1,1,0,0,0,1,0,0,1,6,3,6,11,8,1,0,9,11,15,22,20,9,6,0,18,13,19,36,24,7,11,0,13,23,32,22,14,9,12,0,19,19,10,20,14,12,7,0,18,12,18,17,19,12,19,0,0,0,10,17,22,27,10,0,0,0,0,0,3,0,0,0,0,0,0,0,0,0,0,0
182,2025-04-22 20:11:33.318,96,36,0,0,0,0,0,0,0,0,0,0,0,0,0,0,0,0,0,1,1,0,0,0,1,0,0,1,6,3,6,11,8,1,0,9,11,15,22,20,9,6,0,18,13,19,36,24,7,11,0,13,23,32,22,14,9,12,0,19,19,10,20,14,12,7,0,18,12,18,17,19,12,19,0,0,0,10,17,22,27,10,0,0,0,0,0,3,1,0,0,0,0,0,0,0,0,0,0
183,2025-04-22 20:11:33.329,96,36,0,0,0,0,0,0,0,0,0,0,0,0,0,0,1,0,0,1,1,0,0,0,1,0,0,1,6,3,6,11,8,1,0,9,11,15,22,20,9,6,0,18,13,19,36,24,7,11,0,13,23,32,22,14,9,12,0,19,19,10,20,14,12,7,0,18,12,18,17,19,12,19,0,0,0,10,17,22,27,10,0,0,0,0,1,3,1,0,0,0,0,0,0,0,0,0,0
184,2025-04-22 20:11:33.341,96,36,0,0,0,0,0,0,0,0,0,0,0,0,0,0,1,0,0,1,1,0,0,0,1,0,0,1,6,3,6,11,8,1,0,9,11,15,22,20,9,6,0,19,13,19,36,24,7,11,0,13,23,32,22,14,9,12,0,19,19,10,20,14,12,7,0,18,12,18,17,19,12,19,0,0,0,10,17,22,27,10,0,0,0,0,1,3,1,0,0,0,0,0,0,0,0,0,0
185,2025-04-22 20:11:33.351,96,36,0,0,0,0,0,0,0,0,0,0,0,0,0,0,1,0,0,1,1,0,0,0,1,0,0,1,6,3,6,11,8,1,0,9,11,15,22,20,9,6,0,20,13,19,36,24,7,11,0,13,23,32,22,14,9,12,0,19,20,10,20,14,12,7,0,18,12,18,17,19,12,19,0,0,0,10,18,22,27,10,0,0,0,0,1,3,1,0,0,0,0,0,0,0,0,0,0
186,2025-04-22 20:11:33.374,96,36,0,0,0,0,0,0,0,0,0,0,0,0,0,0,1,0,0,1,1,0,0,0,2,0,0,1,6,3,6,11,8,1,0,9,12,15,22,20,9,6,0,21,14,19,36,24,7,11,0,13,23,32,22,14,9,12,1,20,20,10,21,14,12,7,0,18,13,19,18,19,12,19,0,0,1,10,19,22,28,10,0,0,0,0,1,4,2,0,0,0,0,0,0,0,0,0,0
187,2025-04-22 20:11:33.384,96,36,0,0,0,0,0,0,0,0,0,0,0,0,0,0,1,0,0,1,1,0,0,0,3,0,0,1,6,4,6,11,8,1,0,10,12,16,22,20,9,6,0,22,14,19,36,24,7,11,0,13,23,32,22,14,9,12,1,22,21,11,22,14,12,7,0,18,15,21,20,19,12,19,0,0,1,11,21,22,29,10,0,0,0,0,1,5,3,0,0,0,0,0,0,0,0,0,0
188,2025-04-22 20:11:33.394,96,37,0,0,0,0,0,0,0,0,0,0,0,0,0,0,1,0,0,1,1,0,0,0,3,0,0,1,6,4,6,12,8,1,0,10,13,16,23,20,9,6,0,22,14,19,37,24,7,11,1,13,23,33,23,14,9,12,1,23,22,11,23,14,12,7,0,18,15,21,20,19,13,19,0,1,1,12,22,23,29,11,0,0,0,0,1,5,3,0,0,0,0,0,0,0,0,0,0
189,2025-04-22 20:11:33.404,96,37,0,0,0,0,0,0,0,0,0,0,0,0,0,0,1,0,0,1,1,0,0,0,3,0,0,2,7,4,7,13,8,1,0,10,14,17,23,21,9,6,0,24,15,19,37,25,7,11,1,13,24,34,24,14,9,13,1,24,23,12,24,14,12,7,0,18,16,22,22,20,13,19,0,1,1,13,23,24,30,12,0,0,0,0,3,6,3,0,0,0,0,0,0,0,0,0,0
190,2025-04-22 20:11:33.414,96,38,0,0,0,0,0,0,0,0,0,0,0,0,0,0,1,0,0,1,1,0,0,0,3,0,0,2,7,4,7,14,8,1,0,10,14,17,24,21,9,6,0,24,16,19,38,25,8,12,1,13,24,34,25,14,9,14,1,24,24,13,24,14,12,7,0,19,17,23,22,21,13,19,0,1,1,14,24,25,30,13,1,0,0,0,4,6,4,0,0,0,0,0,0,0,0,0,0
191,2025-04-22 20:11:33.427,96,38,0,0,0,0,0,0,0,0,0,0,0,0,0,0,1,0,0,1,1,0,0,1,3,0,0,2,8,5,8,16,8,2,0,10,15,18,26,23,10,6,0,25,17,19,38,26,8,13,1,13,25,35,26,15,9,16,1,25,26,14,25,16,13,8,0,19,18,24,24,22,14,19,0,1,3,16,26,26,31,15,1,0,0,0,5,7,5,1,0,0,0,0,0,0,0,0,0
192,2025-04-22 20:11:33.437,96,39,0,0,0,0,0,0,0,0,0,0,0,0,0,0,1,0,0,1,1,0,0,1,3,0,0,4,8,7,9,17,8,3,0,11,15,18,28,25,12,6,1,26,19,20,39,28,9,15,1,14,26,37,27,16,9,16,1,25,27,14,26,17,14,8,0,19,18,25,25,23,15,19,1,1,4,17,27,27,32,16,1,0,0,0,5,8,6,1,0,0,0,0,0,0,0,0,0
193,2025-04-22 20:11:33.447,96,40,0,0,0,0,0,0,0,0,0,0,0,0,0,0,1,0,0,1,1,0,0,1,3,0,0,4,8,8,9,18,8,4,0,11,16,19,29,26,13,6,1,27,20,21,40,28,10,15,1,14,27,37,27,17,9,17,3,26,29,15,27,18,15,9,0,20,20,25,26,25,16,21,1,1,4,19,30,28,33,18,2,0,0,1,6,9,8,1,0,0,0,0,0,0,0,0,0
194,2025-04-22 20:11:33.458,96,41,0,0,0,0,0,0,0,0,0,0,0,0,0,0,1,0,0,1,1,0,0,1,3,1,0,6,9,9,10,19,9,5,0,11,16,20,30,27,14,7,3,29,20,22,41,30,11,16,2,14,29,38,28,18,10,18,4,27,31,16,28,20,16,9,0,20,21,26,27,26,17,21,1,2,5,21,32,29,34,20,4,0,0,1,6,10,9,1,0,0,0,0,0,0,0,0,0
195,2025-04-22 20:11:33.468,96,41,0,0,0,0,0,0,0,0,0,0,0,0,0,0,1,0,0,1,1,0,0,1,3,1,0,6,9,9,11,19,10,6,0,12,17,20,30,28,14,7,4,30,21,23,41,31,11,16,2,15,30,39,29,19,10,18,4,27,32,16,28,20,17,10,0,21,22,26,28,26,17,22,1,2,5,22,33,30,34,21,4,0,0,1,7,11,11,1,0,0,0,0,0,0,0,0,0
196,2025-04-22 20:11:33.478,96,42,0,0,0,0,0,0,0,0,0,0,0,0,0,0,2,0,0,1,1,1,0,1,3,1,0,7,10,10,11,20,11,8,0,13,17,21,31,29,15,8,6,32,21,23,42,32,12,18,2,15,31,40,30,19,11,19,4,28,34,17,29,21,18,10,0,21,23,27,29,28,18,22,1,3,5,24,35,32,35,22,5,0,0,1,9,12,13,1,0,0,0,0,0,0,0,0,0
197,2025-04-22 20:11:33.491,96,42,0,0,0,0,0,0,0,0,0,0,0,0,0,0,2,0,0,1,1,1,0,2,4,1,0,7,10,11,12,20,11,8,0,13,17,21,31,30,15,9,6,33,22,23,42,32,12,19,2,15,31,41,30,20,11,19,4,28,34,17,30,21,18,11,0,21,23,27,30,28,19,23,2,3,5,24,35,33,35,23,5,0,0,1,10,13,14,1,0,0,0,0,0,0,0,0,0
198,2025-04-22 20:11:33.501,96,43,0,0,0,0,0,0,0,0,0,0,0,0,0,0,2,0,0,1,1,1,0,2,4,1,0,8,11,13,12,21,12,9,0,14,18,22,31,31,16,9,7,34,22,24,42,33,13,20,3,16,32,43,30,20,12,20,5,29,35,18,31,21,19,11,0,22,24,28,30,29,19,24,4,4,6,25,36,35,36,23,7,0,0,1,12,15,15,2,0,0,0,0,0,0,0,0,0
199,2025-04-22 20:11:33.512,96,43,0,0,0,0,0,0,0,0,0,0,0,0,0,0,2,0,0,1,1,1,1,2,4,1,0,9,11,13,12,22,12,10,0,14,18,23,32,32,16,10,7,34,22,25,42,34,14,20,3,16,33,43,31,21,13,20,5,29,36,19,31,22,20,12,0,22,25,29,31,30,20,24,5,4,6,25,37,35,37,24,7,0,0,1,12,16,15,3,0,0,0,0,0,0,0,0,0
200,2025-04-22 20:11:33.522,96,44,0,0,0,0,0,0,0,0,0,0,0,0,0,0,3,0,0,1,1,1,1,3,4,1,0,9,12,14,13,23,13,10,0,14,19,24,32,34,17,11,8,35,23,26,43,35,14,21,4,16,35,44,32,22,14,21,6,29,37,20,32,23,21,12,1,23,26,30,32,32,21,25,7,5,7,27,38,37,38,26,8,0,0,3,14,18,17,4,0,0,0,0,0,0,0,0,0
201,2025-04-22 20:11:33.544,96,44,0,0,0,0,0,0,0,0,0,0,0,0,0,0,3,0,0,1,1,1,1,4,4,1,0,9,13,14,13,23,13,11,0,15,20,25,33,35,17,11,9,36,23,26,43,36,15,22,5,16,36,44,32,22,15,22,6,30,37,20,33,23,21,13,1,23,27,30,32,33,21,26,8,5,7,28,38,38,39,27,9,0,0,4,15,19,17,4,0,0,0,0,0,0,0,0,0
202,2025-04-22 20:11:33.554,96,45,0,0,0,0,0,0,0,0,0,0,0,0,0,0,3,0,0,1,1,1,1,4,5,1,0,10,13,14,14,24,14,11,0,15,22,26,33,36,19,13,10,37,24,27,44,37,16,23,5,17,37,45,34,23,16,23,7,30,38,21,34,24,22,14,2,23,29,31,33,34,22,26,10,6,8,29,40,39,40,27,9,0,0,6,17,21,19,6,0,0,0,0,0,0,0,0,0
203,2025-04-22 20:11:33.563,96,46,0,0,0,0,0,0,0,0,0,0,0,0,0,0,4,0,0,1,1,1,1,4,5,1,0,10,14,15,14,24,14,12,0,15,23,26,34,37,19,14,10,37,24,28,45,37,16,24,6,17,38,46,34,23,17,23,7,30,39,21,34,25,23,14,3,23,29,31,34,35,22,27,10,6,8,29,41,39,40,27,10,0,0,6,18,22,19,7,0,0,0,0,0,0,0,0,0
204,2025-04-22 20:11:33.574,96,47,0,0,0,0,0,0,0,0,0,0,0,0,0,0,4,0,0,1,1,1,1,5,6,1,0,10,14,16,15,25,15,13,1,15,23,27,34,37,20,16,10,38,24,29,46,38,17,26,6,17,38,47,35,24,17,24,8,30,40,23,35,27,24,15,5,23,30,32,34,36,23,27,11,6,8,30,41,40,41,28,11,0,0,8,19,24,20,8,0,0,0,0,0,0,0,0,0
205,2025-04-22 20:11:33.585,96,47,0,0,0,0,0,0,0,0,0,0,0,0,0,0,4,0,0,1,1,1,1,5,6,1,0,10,14,16,15,25,15,13,1,15,24,28,35,38,20,16,10,38,24,29,46,38,17,27,6,18,39,47,35,24,18,25,8,30,40,23,35,27,25,15,5,24,30,33,35,36,23,28,11,6,8,30,42,40,41,29,12,0,0,8,20,25,21,9,1,0,0,0,0,0,0,0,0
206,2025-04-22 20:11:33.595,96,48,0,0,0,0,0,0,0,0,0,0,0,0,0,0,4,0,0,1,1,1,1,5,7,1,0,10,14,16,16,26,16,14,1,15,24,28,35,38,21,18,10,39,25,30,47,38,17,29,6,18,39,48,36,25,18,26,9,31,41,24,36,28,25,15,6,24,31,34,35,37,24,28,11,6,8,31,42,41,42,30,12,0,0,9,20,26,21,10,1,0,0,0,0,0,0,0,0
207,2025-04-22 20:11:33.604,96,48,0,0,0,0,0,0,0,0,0,0,0,0,0,0,4,0,0,2,1,1,1,5,7,1,0,10,14,17,16,26,17,15,1,15,25,29,35,38,22,18,11,39,25,30,47,39,17,29,7,18,40,48,36,25,18,26,9,31,41,24,36,28,26,16,6,24,31,34,35,37,24,29,11,6,9,31,43,41,42,30,12,0,0,10,20,27,22,11,1,0,0,0,0,0,0,0,0
208,2025-04-22 20:11:33.616,96,49,0,0,0,0,0,0,0,0,0,0,0,0,0,0,4,0,0,2,1,1,1,5,8,1,0,11,14,17,17,28,17,15,1,16,26,29,36,39,23,19,12,40,26,31,47,39,18,30,7,18,40,49,36,25,19,27,9,31,42,25,36,29,27,16,7,24,32,35,35,38,25,30,11,7,9,31,43,42,43,31,13,0,0,10,21,28,22,11,1,0,0,0,0,0,0,0,0
209,2025-04-22 20:11:33.625,96,49,0,0,0,0,0,0,0,0,0,0,0,0,0,0,4,0,0,2,1,1,1,6,8,1,0,11,15,17,17,28,18,15,1,16,26,29,36,39,23,19,12,40,26,31,47,39,18,30,7,18,41,49,37,25,19,27,10,32,42,25,36,29,27,16,7,24,33,36,36,38,25,30,11,7,9,31,44,42,43,31,14,0,0,10,21,29,23,12,1,0,0,0,0,0,0,0,0
210,2025-04-22 20:11:33.637,96,50,0,0,0,0,0,0,0,0,0,0,0,0,0,0,4,0,0,2,1,1,1,6,8,1,0,12,15,18,17,29,18,15,1,16,27,30,37,39,24,20,13,40,27,31,48,39,19,31,8,18,41,50,37,25,20,27,10,32,43,26,36,29,28,17,8,25,34,37,36,38,26,31,11,8,9,31,45,43,43,32,14,0,0,10,22,30,23,12,1,0,0,0,0,0,0,0,0
211,2025-04-22 20:11:33.647,96,50,0,0,0,0,0,0,0,0,0,0,0,0,0,0,4,0,0,2,1,1,1,7,8,1,0,12,16,18,18,29,18,16,1,16,27,30,37,40,24,20,13,40,27,31,48,40,19,31,8,18,42,50,38,26,20,27,11,33,43,26,36,30,28,17,8,25,34,37,37,38,26,31,11,8,10,32,45,43,43,32,15,0,0,10,22,31,23,12,1,0,0,0,0,0,0,0,0
212,2025-04-22 20:11:33.670,96,50,0,0,0,0,0,0,0,0,0,0,0,0,0,0,4,0,0,2,1,1,1,7,9,1,0,12,16,20,18,30,19,17,1,16,27,31,37,40,25,20,13,41,27,32,49,40,19,31,8,18,42,50,38,26,20,27,11,33,43,26,37,30,28,18,8,26,35,37,37,39,26,31,12,8,10,32,46,44,44,32,15,0,0,10,23,32,23,12,1,0,0,0,0,0,0,0,0
213,2025-04-22 20:11:33.681,96,51,0,0,0,0,0,0,0,0,0,0,1,0,0,0,4,0,0,2,1,1,1,7,9,1,0,12,16,20,18,30,19,17,1,16,28,31,37,41,25,20,13,41,27,32,49,40,19,32,8,19,42,51,38,26,21,28,11,33,43,26,37,31,28,18,8,26,35,37,37,39,26,32,12,8,10,32,46,44,44,33,15,0,0,10,24,32,24,13,1,0,0,0,0,0,0,0,0
214,2025-04-22 20:11:33.689,96,51,0,0,0,0,0,0,0,0,0,0,1,0,0,0,4,0,0,2,1,1,1,7,9,2,0,13,16,21,18,30,19,18,1,16,28,31,37,41,25,21,13,41,27,32,49,41,19,32,9,19,42,51,38,26,21,28,12,33,44,26,37,31,29,18,9,26,35,37,37,39,26,32,12,8,10,32,46,44,44,33,16,0,0,10,24,32,24,14,1,0,0,0,0,0,0,0,0
215,2025-04-22 20:11:33.700,96,51,0,0,0,0,0,0,0,0,0,0,1,0,0,0,4,0,0,2,1,1,1,7,9,2,0,13,17,21,18,31,19,18,1,16,28,31,37,41,25,21,13,41,27,32,49,41,19,32,9,19,42,51,38,26,21,28,12,33,44,26,37,31,29,18,9,26,35,37,37,39,26,32,12,8,10,32,46,44,45,33,16,0,0,10,24,32,24,14,1,0,0,0,0,0,0,0,0
216,2025-04-22 20:11:33.710,96,51,0,0,0,0,0,0,0,0,0,0,1,0,0,0,4,0,0,2,1,1,2,7,9,2,0,13,17,22,18,31,19,18,1,16,28,31,37,41,26,21,13,41,27,32,49,41,20,32,9,19,42,51,38,26,21,28,12,33,44,26,37,32,29,18,9,27,35,37,37,39,26,32,12,8,10,32,46,44,45,34,17,0,0,10,25,32,24,14,1,0,0,0,0,0,0,0,0
217,2025-04-22 20:11:33.720,96,51,0,0,0,0,0,0,0,0,0,0,1,0,0,0,5,0,0,2,1,1,2,7,9,2,0,13,17,22,18,31,19,18,1,16,28,31,37,41,26,21,13,41,27,32,49,41,20,32,9,19,42,51,38,27,21,28,12,33,44,26,37,32,29,18,10,27,35,37,37,39,26,32,13,8,10,32,46,44,45,34,17,0,0,10,25,32,24,14,1,0,0,0,0,0,0,0,0
218,2025-04-22 20:11:33.730,96,51,0,0,0,0,0,0,0,0,0,0,1,0,0,0,5,0,0,2,1,1,2,7,10,2,0,13,17,22,18,32,19,18,1,16,28,31,37,41,26,21,13,41,27,33,49,42,20,32,9,19,42,51,38,27,21,28,12,33,45,26,37,32,30,18,10,27,35,37,37,40,27,32,13,8,10,32,46,44,45,34,17,0,0,10,26,32,25,15,1,0,0,0,0,0,0,0,0
219,2025-04-22 20:11:33.741,96,51,0,0,0,0,0,0,0,0,0,0,1,0,0,0,5,0,0,2,1,1,2,7,10,2,0,13,17,22,18,33,20,18,1,16,29,32,37,41,26,21,13,41,27,33,49,42,20,32,9,19,42,51,38,27,21,28,12,33,45,26,37,32,30,18,11,27,35,37,37,40,27,32,13,8,10,32,46,44,45,34,17,0,0,10,26,32,25,15,1,0,0,0,0,0,0,0,0
220,2025-04-22 20:11:33.751,96,52,0,0,0,0,0,0,0,0,0,0,1,0,0,0,5,0,0,2,1,1,2,7,10,2,0,13,17,23,18,33,20,18,1,16,29,32,38,42,26,22,13,41,27,33,49,42,20,32,9,19,42,52,39,27,22,29,12,33,45,26,38,32,30,19,11,27,35,37,37,40,27,33,13,8,10,32,47,45,46,35,17,0,0,10,27,32,25,15,1,0,0,0,0,0,0,0,0
221,2025-04-22 20:11:33.762,96,52,0,0,0,0,0,0,0,0,0,0,1,0,0,0,5,0,0,2,1,1,2,8,10,2,0,13,17,23,18,33,20,18,1,16,29,32,38,42,26,23,13,41,27,33,49,42,21,32,9,19,42,52,39,27,22,29,12,33,45,26,38,32,30,19,11,27,35,37,37,40,27,33,14,8,10,32,47,45,46,35,18,0,0,11,27,32,26,15,1,0,0,0,0,0,0,0,0
222,2025-04-22 20:11:33.773,96,52,0,0,0,0,0,0,0,0,0,0,1,0,0,0,6,0,0,2,1,1,2,8,10,2,0,13,17,24,19,34,20,19,1,16,29,32,38,43,27,24,13,41,27,33,50,42,21,33,9,19,42,52,39,27,23,29,13,33,45,26,39,32,31,20,12,27,35,37,37,40,28,33,14,8,11,32,48,45,46,36,18,0,0,11,27,32,26,16,1,0,0,0,0,0,0,0,0
223,2025-04-22 20:11:33.792,96,52,0,0,0,0,0,0,0,0,0,0,0,0,0,0,6,0,0,2,1,1,2,8,10,2,0,13,17,24,19,35,21,19,1,16,29,32,39,43,27,25,14,41,27,33,50,43,21,33,9,19,42,52,40,27,24,29,13,33,45,26,39,33,31,20,12,27,35,37,37,40,28,33,14,8,11,32,48,46,46,37,19,0,0,12,28,33,27,16,1,0,0,0,0,0,0,0,0
224,2025-04-22 20:11:33.803,96,53,0,0,0,0,0,0,0,0,0,0,0,0,0,0,7,0,0,2,1,1,2,9,11,2,0,13,17,24,20,35,21,21,2,16,30,33,40,45,27,25,14,42,28,33,51,43,22,35,10,20,42,53,41,28,24,30,13,33,45,27,40,34,31,21,13,27,36,37,38,41,28,34,15,8,11,33,49,47,47,38,20,0,0,12,29,34,27,18,1,0,0,0,0,0,0,0,0
225,2025-04-22 20:11:33.814,96,53,0,0,0,0,0,0,0,0,0,0,0,0,0,0,7,0,0,2,1,1,2,9,11,2,0,13,18,25,20,36,22,21,2,17,30,33,40,45,28,26,14,42,28,33,51,44,22,35,10,20,42,53,41,28,24,30,13,33,45,27,40,34,31,21,13,27,36,38,38,41,29,34,16,9,11,33,50,48,47,39,21,0,0,13,29,34,27,19,2,0,0,0,0,0,0,0,0
226,2025-04-22 20:11:33.825,96,54,0,0,0,0,0,0,0,0,0,0,0,0,0,0,7,0,0,2,1,1,2,9,11,2,0,13,19,26,21,36,22,21,2,17,30,33,41,46,28,27,15,42,28,34,51,44,23,37,11,21,43,54,42,29,25,31,14,33,45,28,40,35,32,21,13,28,37,38,39,42,30,35,17,9,12,34,51,48,47,40,22,0,0,13,31,35,28,20,3,0,0,0,0,0,0,0,0
227,2025-04-22 20:11:33.835,96,55,0,0,0,0,0,0,0,0,0,0,0,0,0,0,8,0,0,2,1,1,2,9,11,2,0,13,20,27,21,37,23,21,2,17,30,33,42,47,28,27,15,43,29,34,52,45,23,37,11,21,43,55,43,30,26,31,15,33,46,28,41,36,33,22,14,28,37,39,39,43,30,35,18,10,12,34,51,49,48,40,23,0,0,13,32,35,29,20,4,0,0,0,0,0,0,0,0
228,2025-04-22 20:11:33.845,96,56,0,0,0,0,0,0,0,0,0,0,0,0,0,0,8,0,0,2,1,1,2,9,12,3,0,13,21,28,22,38,23,21,2,17,31,34,42,47,29,28,15,43,30,35,53,47,24,38,11,22,44,56,43,31,27,32,16,34,47,29,42,37,33,22,15,28,38,40,40,44,31,36,19,10,13,34,52,50,48,41,25,0,0,14,34,37,30,22,5,0,0,0,0,0,0,0,0
229,2025-04-22 20:11:33.855,96,56,0,0,0,0,0,0,0,0,0,0,0,0,0,0,8,0,0,2,1,1,2,10,13,3,0,13,22,29,22,39,23,21,3,17,31,35,42,48,29,28,16,44,30,35,53,48,24,38,12,23,45,56,44,32,27,32,16,35,47,29,43,37,34,22,16,29,39,40,41,45,31,36,20,11,14,35,53,51,49,42,26,0,0,14,35,38,31,22,5,0,0,0,0,0,0,0,0
230,2025-04-22 20:11:33.865,96,57,0,0,0,0,0,0,0,0,0,0,0,0,0,0,8,0,0,2,1,1,3,10,14,4,0,13,22,29,24,40,24,23,3,17,31,36,42,49,30,30,17,44,31,36,54,49,26,39,13,23,46,57,44,33,28,33,18,36,48,31,43,38,35,22,17,30,40,41,43,46,31,37,21,11,14,35,54,52,50,44,27,0,0,15,35,39,33,24,7,0,0,0,0,0,0,0,0
231,2025-04-22 20:11:33.874,96,57,0,0,0,0,0,0,0,0,0,0,0,0,0,0,8,0,0,2,1,2,3,10,15,4,0,14,23,29,24,40,25,24,3,17,32,37,43,49,31,31,18,45,31,36,54,49,26,40,14,24,47,57,45,33,29,33,19,36,49,31,44,39,35,23,18,31,40,42,43,47,32,38,22,12,15,35,54,53,50,44,28,0,0,15,36,40,34,24,8,0,0,0,0,0,0,0,0
232,2025-04-22 20:11:33.887,96,59,0,0,0,0,0,0,0,0,0,0,0,0,0,0,8,0,0,2,1,2,3,11,16,5,0,15,23,29,25,42,27,26,4,18,33,38,44,51,32,33,20,45,33,37,56,50,28,42,16,24,49,59,46,34,31,35,21,37,51,33,45,40,36,24,20,33,42,43,45,49,33,40,24,13,16,37,55,55,51,46,29,0,0,15,38,42,36,26,9,0,0,0,0,0,0,0,0
233,2025-04-22 20:11:33.907,96,59,0,0,0,0,0,0,0,0,0,0,0,0,0,0,8,0,0,2,1,3,3,12,16,6,0,15,24,29,25,43,28,27,5,18,34,38,45,52,33,34,20,46,34,38,57,51,28,43,17,25,50,59,46,35,31,35,21,37,52,33,46,41,37,25,21,34,42,44,46,50,34,40,25,14,17,38,56,56,52,47,30,0,1,16,39,43,36,27,10,0,0,0,0,0,0,0,0
234,2025-04-22 20:11:33.919,96,61,0,0,0,0,0,0,0,0,0,0,1,0,0,0,8,0,0,2,1,4,3,12,17,7,0,15,25,30,25,47,30,28,7,19,36,40,47,54,35,36,21,48,36,39,58,53,30,45,21,26,52,61,48,36,33,37,22,39,54,34,48,43,39,26,23,36,44,46,48,53,36,42,27,16,18,40,58,58,54,49,32,0,1,18,41,45,38,29,11,0,0,0,0,0,0,0,0
235,2025-04-22 20:11:33.928,96,62,0,0,0,0,0,0,0,0,0,0,1,0,0,0,8,0,0,2,1,4,4,12,18,8,0,15,26,31,25,49,31,29,7,19,37,41,48,56,36,37,22,49,37,40,59,54,31,46,22,27,53,62,49,37,34,38,22,40,55,35,49,44,40,27,24,37,45,47,49,54,37,43,28,16,19,42,59,59,55,50,32,0,1,20,43,46,39,29,12,0,0,0,0,0,0,0,0
236,2025-04-22 20:11:33.937,96,64,0,0,0,0,0,0,0,0,0,0,1,0,0,0,9,0,0,3,1,4,6,14,20,10,0,16,28,33,25,53,34,31,7,21,39,43,51,59,38,40,23,51,39,42,61,56,33,48,24,28,55,64,51,39,37,40,24,42,57,37,51,46,42,29,26,39,47,49,51,56,39,45,29,17,21,44,62,61,57,52,34,0,3,23,46,49,41,31,13,0,0,0,0,0,0,0,0
237,2025-04-22 20:11:33.949,96,65,0,0,0,0,0,0,0,0,0,0,1,0,0,0,10,0,0,3,1,4,7,15,21,11,1,17,29,34,25,55,35,32,7,22,40,44,52,60,39,41,23,52,40,43,62,57,34,49,25,28,57,65,52,40,38,41,25,43,58,38,52,47,43,29,27,40,48,50,52,57,40,46,30,18,22,46,63,63,58,53,35,0,3,24,48,50,42,32,14,0,0,0,0,0,0,0,0
238,2025-04-22 20:11:33.959,96,67,0,0,0,0,0,0,0,0,0,0,1,0,0,0,10,0,0,4,1,5,9,17,24,12,1,19,31,36,27,57,38,35,8,24,42,46,54,62,41,43,25,54,42,45,63,59,36,51,27,30,59,67,53,42,40,43,26,45,60,40,54,49,45,31,29,42,50,52,54,59,42,47,31,19,23,47,64,64,59,54,35,0,4,25,50,51,43,33,14,0,0,0,0,0,0,0,0
239,2025-04-22 20:11:33.969,96,68,0,0,0,0,0,0,0,0,0,0,0,0,0,0,10,0,0,4,1,5,10,18,25,12,1,19,32,37,28,59,40,36,8,25,44,47,55,63,42,44,26,54,43,46,63,60,38,52,29,30,60,68,54,44,41,45,27,46,61,40,55,50,46,32,30,43,51,53,55,60,43,49,32,21,26,49,66,66,61,56,37,0,6,27,52,53,45,35,15,0,0,0,0,0,0,1,0
240,2025-04-22 20:11:33.980,96,70,0,0,0,0,0,0,0,0,0,0,0,0,0,1,10,0,0,4,0,7,11,21,27,14,1,19,33,39,30,61,44,38,10,27,46,49,57,65,44,46,28,56,45,48,64,62,41,55,33,32,62,70,55,45,43,47,28,46,62,41,56,51,47,33,31,44,52,54,56,61,44,50,33,22,27,50,67,67,62,57,37,0,7,27,53,54,46,36,16,0,0,0,0,0,0,1,0
241,2025-04-22 20:11:33.991,96,72,0,0,0,0,0,0,0,0,0,0,1,0,0,1,10,0,0,5,0,8,12,22,29,15,1,19,33,41,31,62,46,39,11,28,47,50,58,66,45,47,29,56,46,49,65,63,42,57,35,33,64,72,57,47,46,49,30,47,64,42,58,53,49,35,33,46,54,56,58,63,47,52,35,24,30,52,69,69,64,59,39,0,8,28,55,56,48,38,18,0,0,0,0,0,0,1,0
242,2025-04-22 20:11:34.002,96,73,0,0,0,0,0,0,0,0,0,0,1,0,0,1,12,0,0,6,0,10,13,23,31,17,1,19,35,44,35,63,48,40,12,29,49,51,59,68,47,49,30,57,46,50,66,64,44,58,36,34,65,73,58,48,48,50,31,47,65,42,59,54,50,36,33,47,55,58,60,64,48,53,36,24,31,53,70,70,65,60,40,0,8,29,56,57,49,39,18,0,0,0,0,0,0,2,0
243,2025-04-22 20:11:34.013,96,75,0,0,0,0,0,0,0,0,0,0,1,0,0,1,13,0,0,6,0,11,14,23,33,18,1,19,36,45,37,67,52,42,14,31,52,53,61,71,49,51,32,59,47,52,68,66,47,61,38,35,67,75,59,50,51,53,32,48,68,44,61,56,52,38,35,47,57,62,63,67,50,55,38,25,34,56,72,72,67,63,42,0,10,30,58,59,51,41,20,0,0,0,0,0,0,2,0
244,2025-04-22 20:11:34.024,96,76,0,0,0,0,0,0,0,0,0,0,1,0,0,1,14,0,0,6,0,12,15,24,34,19,1,19,37,46,39,69,54,43,16,32,53,54,62,72,50,53,34,60,47,53,69,67,48,62,39,36,68,76,60,51,52,54,33,49,69,45,62,57,53,39,35,48,58,64,65,69,52,56,39,25,35,58,73,73,68,64,43,0,11,30,59,60,52,42,20,0,0,0,0,0,0,3,0
245,2025-04-22 20:11:34.035,96,78,0,0,0,0,0,0,0,0,0,0,1,0,0,1,18,0,0,6,1,14,17,26,38,20,1,21,39,49,43,74,58,45,21,36,56,57,65,75,52,57,38,62,49,55,71,69,50,66,42,38,70,78,62,53,55,58,35,51,71,47,64,59,55,41,37,50,60,67,68,72,55,59,43,26,36,60,76,74,70,68,45,0,12,32,61,62,54,45,22,0,0,0,0,0,0,3,0
246,2025-04-22 20:11:34.047,96,79,0,0,0,0,0,0,0,0,0,0,1,0,0,1,20,0,0,6,1,15,18,27,40,21,1,22,40,51,45,76,60,46,24,37,58,59,66,76,53,59,40,63,50,56,72,70,52,67,43,39,71,79,63,54,56,60,36,52,72,48,65,60,56,42,38,51,61,68,70,73,56,60,45,27,36,61,77,75,71,70,46,0,13,32,62,63,56,47,23,0,0,0,0,0,0,3,0
247,2025-04-22 20:11:34.066,96,81,0,0,0,0,0,0,0,0,0,0,1,0,0,1,24,1,0,6,1,17,18,30,43,25,2,24,42,55,49,80,64,50,29,39,60,63,68,79,55,63,43,66,52,58,74,72,56,69,45,41,73,81,65,57,58,64,38,53,75,50,67,62,58,45,40,52,63,71,72,75,58,63,47,27,36,63,79,77,73,74,48,0,14,34,63,64,59,49,24,0,0,0,0,0,0,4,0
248,2025-04-22 20:11:34.076,96,82,0,0,0,0,0,0,0,0,0,0,1,0,0,1,26,1,0,6,1,18,18,32,45,27,3,26,43,57,51,81,66,51,31,40,61,65,69,81,56,65,44,68,53,59,74,74,58,70,46,43,74,82,66,58,59,65,39,53,77,51,68,63,59,46,41,53,64,72,73,76,60,64,48,28,37,64,80,78,74,75,49,0,14,35,63,65,61,50,24,0,0,0,0,0,0,5,0
249,2025-04-22 20:11:34.087,96,84,0,0,0,0,0,0,0,0,0,0,1,0,0,1,30,1,0,6,3,22,18,34,48,31,4,29,45,61,56,84,69,55,35,42,63,68,71,84,59,68,46,71,54,61,76,76,61,72,48,45,76,84,68,60,61,67,41,55,79,53,69,65,61,48,43,54,65,75,75,78,62,66,50,28,38,66,82,80,76,78,50,0,16,36,65,66,64,52,25,0,0,0,0,0,0,7,0
250,2025-04-22 20:11:34.097,96,86,0,0,0,0,0,0,0,0,0,0,1,0,0,1,31,1,0,6,4,24,17,35,50,33,5,30,46,63,58,86,71,57,37,43,64,69,72,85,60,69,47,72,55,62,76,77,62,73,49,46,77,85,69,61,62,68,42,56,80,54,70,66,62,49,44,55,66,76,76,79,63,67,51,28,38,66,83,81,77,79,51,0,16,36,66,67,65,53,25,0,0,0,0,0,0,8,0
251,2025-04-22 20:11:34.109,96,88,0,0,0,0,0,0,0,0,0,0,1,0,0,1,32,1,0,6,5,26,16,37,54,36,6,31,49,66,62,88,74,61,39,45,66,72,74,87,63,71,49,74,57,64,77,79,65,75,51,48,78,87,71,63,64,70,44,57,82,55,71,67,64,51,46,57,67,78,78,81,65,68,52,29,39,67,84,81,78,80,51,0,16,37,66,68,66,54,26,0,0,0,0,1,0,8,0
252,2025-04-22 20:11:34.119,96,89,0,0,0,0,0,0,0,0,0,0,1,0,0,1,32,1,0,6,6,27,16,38,55,38,6,32,51,67,64,89,75,63,40,46,68,73,75,88,64,73,50,75,58,65,78,80,66,76,51,49,78,88,72,64,65,71,45,57,83,56,72,68,65,52,47,58,68,79,79,82,66,70,54,30,42,68,86,83,80,82,53,1,16,37,68,70,68,56,27,0,0,0,0,1,1,9,0
253,2025-04-22 20:11:34.131,96,91,0,0,0,0,0,0,0,0,0,1,1,0,0,1,32,1,0,6,8,28,17,40,57,40,7,32,54,70,67,91,77,67,42,47,71,75,77,90,66,76,52,76,60,66,79,83,68,78,52,50,79,89,72,65,66,72,45,58,84,57,73,69,66,53,48,59,69,80,80,83,67,71,55,30,44,69,86,84,81,83,54,1,17,38,69,71,69,57,28,0,0,0,0,1,1,9,0
254,2025-04-22 20:11:34.140,96,92,0,0,0,0,0,0,0,0,0,1,1,0,0,1,32,1,0,6,9,29,18,41,57,41,7,32,55,71,68,92,78,69,43,47,72,76,78,91,67,77,53,76,61,67,79,84,69,79,53,52,80,91,73,67,66,74,46,59,85,58,74,71,67,55,50,61,71,82,82,85,69,73,57,30,46,70,87,86,82,84,56,1,17,39,71,73,71,59,29,0,0,0,0,1,2,9,0
255,2025-04-22 20:11:34.151,96,93,0,0,0,0,0,0,0,0,0,1,1,0,0,1,32,1,0,6,10,30,20,42,58,41,8,32,56,72,69,93,78,71,44,48,73,77,79,92,68,78,54,77,62,67,79,85,70,80,53,52,80,92,74,68,67,75,47,59,86,58,75,72,68,56,50,62,71,83,83,86,70,74,58,31,47,71,88,87,83,85,57,1,18,39,72,74,72,60,30,0,0,0,0,1,3,10,0
256,2025-04-22 20:11:34.162,96,95,0,0,0,0,0,0,0,0,0,1,1,0,0,1,32,1,0,6,10,32,22,42,58,42,9,33,57,74,71,95,78,73,46,49,74,79,80,94,69,79,55,78,63,68,81,87,71,81,54,54,81,93,75,70,68,77,48,60,87,60,76,74,69,58,51,64,72,84,85,88,71,76,59,31,48,71,89,88,83,86,58,1,18,40,74,75,74,62,31,0,0,0,0,1,5,11,0
257,2025-04-22 20:11:34.172,96,95,0,0,0,0,0,0,0,0,0,1,1,0,0,1,32,1,0,6,11,33,24,43,59,43,10,33,57,75,72,95,79,74,46,50,74,79,81,94,70,79,55,78,63,68,82,88,72,81,54,55,82,93,75,70,69,78,49,60,87,61,76,75,70,59,51,64,72,85,86,89,71,77,59,31,49,72,89,88,84,87,59,1,19,41,75,75,74,63,32,0,0,0,0,1,5,12,0
258,2025-04-22 20:11:34.183,96,97,0,0,0,0,0,0,0,0,0,0,1,0,0,2,32,2,0,6,11,35,28,44,59,45,12,33,58,77,72,97,80,76,46,50,74,79,82,95,71,81,56,79,63,69,83,90,74,83,55,57,83,94,76,71,69,80,51,60,88,62,78,76,71,60,52,65,73,85,87,90,72,79,60,31,50,73,90,89,84,88,61,2,19,43,77,76,76,65,33,0,0,0,0,1,5,14,0
259,2025-04-22 20:11:34.194,96,97,0,0,0,0,0,0,0,0,0,0,1,0,0,2,32,3,0,6,11,36,30,45,59,46,12,33,58,78,72,97,80,77,46,50,74,80,82,96,71,82,56,79,63,70,84,91,74,83,55,58,84,94,77,72,70,81,51,60,89,62,78,77,72,61,52,65,73,86,88,91,72,80,60,31,50,73,90,90,85,88,61,2,20,43,78,77,77,66,33,0,0,0,0,1,5,15,0
260,2025-04-22 20:11:34.205,96,98,0,0,0,0,0,0,0,0,0,0,1,1,0,2,32,5,0,6,11,38,34,47,60,49,13,33,60,80,72,98,81,78,46,50,74,80,84,98,73,82,57,79,63,72,85,92,75,84,55,58,85,95,78,73,71,83,52,60,89,63,79,79,74,63,52,65,74,86,89,92,73,82,61,31,50,73,91,91,85,89,62,2,20,43,79,78,78,67,33,0,0,0,0,2,6,15,0
261,2025-04-22 20:11:34.215,96,99,0,0,0,0,0,0,0,0,0,0,1,1,0,2,32,6,0,7,11,38,35,48,61,50,14,33,61,80,72,98,81,78,47,50,74,80,85,99,73,82,58,79,63,73,86,93,76,84,55,59,85,96,78,74,72,83,53,60,89,64,80,80,75,64,53,65,74,86,89,93,74,82,62,31,50,74,91,92,86,89,63,2,20,43,79,80,79,67,34,0,0,0,0,2,6,15,0
262,2025-04-22 20:11:34.237,96,100,0,0,0,0,0,0,0,0,0,0,1,1,0,2,32,8,0,8,11,38,37,49,63,52,14,33,63,81,73,99,83,80,48,50,74,80,86,100,74,83,58,79,63,73,86,93,77,84,55,59,85,96,79,74,72,83,53,60,90,64,81,80,76,64,54,65,75,87,90,93,75,82,62,31,50,74,92,92,87,89,64,2,21,43,80,81,80,68,35,0,0,0,0,2,7,15,0
263,2025-04-22 20:11:34.246,96,100,0,0,0,0,0,0,0,0,0,0,1,1,0,2,32,9,0,8,11,38,38,50,64,53,15,33,64,81,74,99,84,81,49,50,74,81,87,100,75,83,59,79,65,74,88,93,78,85,56,59,86,96,81,74,73,84,54,60,90,65,82,80,76,65,55,65,75,87,91,93,76,83,63,31,50,75,93,92,88,90,65,2,21,43,81,82,80,68,35,0,0,0,0,2,8,15,0
264,2025-04-22 20:11:34.258,96,100,0,0,0,0,0,0,0,0,0,0,1,1,0,2,32,9,0,8,11,38,38,51,65,54,16,33,65,81,76,99,85,82,49,50,75,81,88,100,75,83,60,79,66,74,88,94,78,85,57,59,86,97,81,74,74,84,54,60,90,65,82,81,77,65,55,65,75,87,92,94,76,83,64,31,50,75,94,92,88,90,66,2,21,43,81,83,80,68,36,0,0,0,0,2,8,15,0
265,2025-04-22 20:11:34.268,96,101,0,0,1,0,0,0,0,0,0,0,1,1,0,2,31,9,0,8,11,38,38,53,66,56,16,33,65,81,78,99,86,84,51,50,76,81,89,101,76,84,60,79,67,74,89,94,79,86,57,59,87,97,82,75,75,84,54,61,90,66,83,82,77,66,55,65,75,88,92,94,78,83,64,31,50,76,94,93,89,90,66,2,21,43,82,83,81,69,37,0,0,0,0,2,9,15,0
266,2025-04-22 20:11:34.279,96,101,0,0,1,0,0,0,0,0,0,0,1,1,0,2,31,9,0,8,11,38,38,54,66,57,17,33,65,81,79,99,87,85,52,50,76,81,89,101,76,84,60,79,67,74,89,95,79,86,57,60,87,98,82,75,75,84,54,61,90,66,83,82,78,66,55,66,75,88,93,95,78,84,65,31,50,76,95,93,89,91,67,2,21,44,82,83,81,70,37,0,0,0,0,3,9,15,0
267,2025-04-22 20:11:34.289,96,101,0,0,1,0,0,0,0,0,0,0,2,1,0,2,30,9,0,9,11,38,38,54,67,57,17,33,66,81,80,99,87,86,53,50,77,81,89,101,76,85,60,79,67,74,89,95,80,86,57,60,87,98,82,75,75,85,54,61,90,66,83,82,78,66,55,67,75,88,93,95,78,84,65,30,50,76,95,93,89,91,67,2,21,44,82,83,82,71,38,0,0,0,0,3,9,16,0
268,2025-04-22 20:11:34.301,96,101,0,0,1,0,0,0,0,0,0,0,2,1,0,2,30,9,0,9,11,38,38,54,67,57,18,33,66,81,80,99,88,86,53,50,77,81,89,101,76,85,60,80,67,74,89,95,80,86,57,61,87,98,82,75,75,85,54,61,90,66,83,82,78,66,55,67,75,88,93,95,78,84,65,30,50,76,95,93,89,91,67,2,21,44,82,83,82,71,38,0,0,0,0,3,9,16,0
269,2025-04-22 20:11:34.311,96,101,0,0,1,0,0,0,0,0,0,0,2,1,0,2,30,9,0,9,11,38,39,54,67,57,18,33,67,81,80,99,88,86,53,50,77,81,89,101,76,85,60,80,67,74,89,95,80,86,57,61,87,98,82,75,75,85,54,61,90,66,83,82,78,66,55,67,75,88,93,95,78,84,65,30,50,76,95,93,89,91,67,2,21,44,82,83,82,71,38,0,0,0,0,3,9,17,0
270,2025-04-22 20:11:34.322,96,101,0,0,1,0,0,0,0,0,0,0,2,1,0,2,30,9,0,9,11,38,39,54,67,57,18,33,67,81,80,99,88,86,53,50,77,81,89,101,76,85,60,80,67,74,89,95,80,86,57,61,87,98,82,75,75,85,54,61,90,66,83,82,78,66,55,67,75,88,93,95,78,84,65,30,50,76,95,93,89,91,67,2,21,44,82,83,82,71,38,0,0,0,0,3,9,17,0
271,2025-04-22 20:11:34.333,96,101,0,0,1,0,0,0,0,0,0,0,2,1,0,2,30,9,0,9,11,38,39,54,67,57,18,33,67,81,80,99,88,86,53,50,77,81,89,101,76,85,60,80,67,74,89,95,80,86,57,61,87,98,82,75,75,85,54,61,90,66,83,82,78,66,55,67,75,88,93,95,78,84,65,30,49,76,95,93,89,91,67,2,21,44,82,83,82,71,38,0,0,0,0,3,9,17,0
272,2025-04-22 20:11:34.344,96,101,0,0,1,0,0,0,0,0,0,0,2,1,0,2,30,9,0,9,11,38,39,54,67,57,18,33,67,81,80,99,88,86,53,50,77,81,88,101,76,85,60,80,67,74,89,95,80,86,57,61,87,98,82,75,75,85,54,61,90,66,83,82,78,66,55,67,75,88,93,95,78,84,65,30,49,76,95,93,89,91,67,2,21,44,81,83,82,71,38,0,0,0,0,3,9,17,0
273,2025-04-22 20:11:34.353,96,100,0,0,0,0,0,0,0,0,0,0,2,0,0,2,30,8,0,9,11,38,39,54,67,57,18,33,66,80,79,98,88,86,53,50,77,81,87,100,76,85,60,80,65,73,88,93,79,86,57,61,85,98,81,74,75,85,54,61,90,66,83,82,77,66,55,67,75,88,91,94,77,84,65,30,47,76,94,93,89,91,67,2,21,43,78,82,82,71,38,0,0,0,0,3,7,17,0
274,2025-04-22 20:11:34.364,96,98,0,0,0,0,0,0,0,0,0,1,2,0,0,2,29,7,0,9,11,38,38,54,66,57,18,33,64,78,77,96,87,85,53,48,77,79,86,98,74,84,59,78,63,71,86,91,77,86,57,59,83,97,79,72,74,83,52,60,89,64,81,80,75,64,54,64,73,86,89,92,75,82,64,29,44,75,92,91,89,91,66,2,21,42,76,80,80,70,38,0,0,0,0,3,6,15,0
275,2025-04-22 20:11:34.385,96,97,0,0,0,0,0,0,0,0,0,1,2,0,0,2,28,6,0,9,11,37,37,53,65,57,18,33,63,77,76,95,86,84,52,47,76,78,85,97,73,83,58,77,62,70,85,90,75,86,57,58,81,96,78,71,73,82,51,59,88,63,80,79,74,63,53,62,72,85,88,90,74,81,63,28,42,74,91,90,88,91,65,2,20,41,75,79,79,69,37,0,0,0,0,3,5,14,0
276,2025-04-22 20:11:34.394,96,94,0,0,0,0,0,0,0,0,0,1,2,0,0,2,27,4,0,8,10,35,35,51,63,56,18,31,59,73,73,92,84,81,50,44,73,75,83,93,69,80,56,73,58,67,82,86,72,83,55,54,78,94,76,69,71,78,49,56,85,60,78,76,70,59,51,59,70,81,85,87,71,79,60,26,39,71,88,89,87,90,64,1,19,40,73,77,77,67,36,0,0,0,0,3,4,14,0
277,2025-04-22 20:11:34.405,96,92,0,0,0,0,0,0,0,0,0,0,2,0,0,2,26,1,0,7,9,34,33,49,61,54,17,30,56,71,72,90,83,79,49,42,71,73,81,91,67,78,55,71,55,65,80,84,70,81,54,51,76,92,75,67,69,76,47,54,83,58,76,74,68,57,50,57,69,79,83,85,69,77,58,25,37,69,86,87,83,87,61,0,16,36,69,73,73,63,34,0,0,0,0,1,0,12,0
278,2025-04-22 20:11:34.415,96,88,0,0,0,0,0,0,0,0,0,0,2,0,0,2,24,0,0,5,8,32,29,45,57,50,15,27,50,67,68,86,79,74,45,38,67,69,77,86,63,74,52,67,49,61,76,80,66,77,51,45,72,88,71,63,65,71,43,50,79,54,75,72,66,55,49,55,67,77,81,83,67,75,56,24,35,67,84,85,81,85,59,0,14,34,66,71,71,61,33,0,0,0,0,0,0,11,0
279,2025-04-22 20:11:34.426,96,86,0,0,0,0,0,0,0,0,0,0,2,0,0,2,23,0,0,5,8,30,27,43,56,47,13,25,47,64,66,83,77,71,43,35,64,67,75,83,60,71,50,64,46,59,74,77,63,74,49,42,70,86,69,61,62,68,41,48,77,52,71,67,62,49,45,49,63,72,76,79,62,70,52,20,29,62,79,81,77,79,55,0,10,30,60,65,65,55,30,0,0,0,0,0,0,7,0
280,2025-04-22 20:11:34.436,96,83,0,0,0,0,0,0,0,0,0,0,2,0,0,1,21,0,0,4,6,25,21,38,52,42,9,21,39,59,60,77,72,65,39,29,58,61,70,77,54,65,44,58,40,54,69,71,60,71,47,39,67,83,67,59,59,65,39,46,74,50,69,65,59,46,43,46,60,69,73,76,59,67,49,18,26,59,76,79,75,76,53,0,8,28,57,62,62,52,28,0,0,0,0,0,0,5,0
281,2025-04-22 20:11:34.448,96,77,0,0,0,0,0,0,0,0,0,0,2,0,0,1,20,0,0,4,5,21,18,35,50,39,7,18,35,56,56,74,69,61,37,26,55,58,67,73,51,61,41,55,37,52,66,68,52,65,42,33,61,77,63,53,53,59,34,42,68,45,63,59,54,40,37,40,54,62,65,70,53,61,43,14,20,52,70,73,69,70,48,0,4,23,51,55,55,46,24,0,0,0,0,0,0,0,0
282,2025-04-22 20:11:34.460,96,74,0,0,0,0,0,0,0,0,0,0,2,0,0,0,18,0,0,3,1,14,12,28,44,33,4,12,29,50,48,67,63,53,31,20,49,52,60,65,48,57,38,52,34,49,64,64,47,62,39,30,58,74,60,50,49,55,32,39,65,42,60,56,51,37,34,37,51,59,61,67,50,58,40,11,17,48,67,70,66,67,45,0,0,21,47,51,51,42,22,0,0,0,0,0,0,0,0
283,2025-04-22 20:11:34.471,96,68,0,0,0,0,0,0,0,0,0,0,2,0,0,0,17,0,0,3,0,11,9,25,41,29,1,9,26,46,45,63,60,49,27,18,46,49,56,60,42,49,33,46,28,43,58,56,39,55,32,24,52,68,55,44,41,49,26,34,58,37,52,49,45,33,28,31,45,51,53,59,44,52,34,7,11,40,61,63,60,60,40,0,0,16,38,43,43,34,18,0,0,0,0,0,0,0,0
284,2025-04-22 20:11:34.482,96,65,0,0,0,0,0,0,0,0,0,0,1,0,0,0,13,0,0,3,0,7,1,19,35,23,0,5,21,38,42,59,57,45,23,16,43,46,53,56,40,45,30,42,25,41,56,52,36,52,28,21,49,65,52,41,37,46,23,32,54,34,49,46,42,31,25,29,41,47,49,55,41,49,31,5,9,36,57,59,58,56,37,0,0,14,33,39,40,30,16,0,0,0,0,0,0,0,0
285,2025-04-22 20:11:34.490,96,57,0,0,0,0,0,0,0,0,0,0,0,0,0,0,12,0,0,3,0,1,0,16,31,19,0,4,19,34,34,51,50,37,17,12,37,38,47,48,36,37,25,35,20,36,51,45,30,46,22,17,43,57,46,35,31,39,19,27,46,28,43,40,36,26,20,25,33,39,43,47,35,43,25,0,5,30,49,51,52,48,31,0,0,9,24,31,32,22,12,0,0,0,0,0,0,0,0
286,2025-04-22 20:11:34.502,96,53,0,0,0,0,0,0,0,0,0,0,0,0,0,0,10,0,0,1,0,0,0,10,23,13,0,1,15,25,27,43,43,34,14,10,34,35,44,45,34,34,22,31,18,34,49,42,27,43,19,15,39,53,43,32,28,36,17,25,42,25,40,36,33,23,17,23,29,36,40,43,32,40,21,0,1,27,45,48,49,44,28,0,0,6,20,27,28,18,9,0,0,0,0,0,0,0,0
287,2025-04-22 20:11:34.513,96,45,0,0,0,0,0,0,0,0,0,0,0,0,0,0,9,0,0,1,0,0,0,8,19,10,0,0,12,20,23,38,39,27,8,7,28,28,38,38,29,28,16,24,14,28,44,35,21,36,13,11,32,45,37,25,22,30,13,19,33,19,34,29,27,19,11,18,21,29,33,35,26,34,15,0,0,20,37,40,43,36,21,0,0,0,13,18,20,11,0,0,0,0,0,0,0,0,0
288,2025-04-22 20:11:34.522,96,41,0,0,0,0,0,0,0,0,0,0,0,0,0,0,5,0,0,0,0,0,0,1,12,1,0,0,6,11,15,28,30,19,0,4,19,20,31,30,23,22,10,17,9,22,38,28,15,28,9,9,28,41,33,22,19,27,11,16,29,16,30,26,24,17,8,15,17,25,29,31,23,31,12,0,0,16,32,36,40,32,17,0,0,0,10,14,16,8,0,0,0,0,0,0,0,0,0
289,2025-04-22 20:11:34.542,96,35,0,0,0,0,0,0,0,0,0,0,0,0,0,0,1,0,0,0,0,0,0,0,9,0,0,0,1,0,12,23,25,15,0,1,14,16,27,26,20,19,7,13,7,19,35,25,13,24,7,6,21,32,27,16,13,21,6,11,20,11,22,19,17,13,0,1,11,17,20,22,17,25,6,0,0,9,22,28,33,23,10,0,0,0,0,1,1,0,0,0,0,0,0,0,0,0,0
290,2025-04-22 20:11:34.553,96,28,0,0,0,0,0,0,0,0,0,0,0,0,0,0,0,0,0,0,0,0,0,0,1,0,0,0,0,0,1,13,15,9,0,0,0,1,18,17,12,12,0,1,1,13,28,19,9,17,0,0,13,23,21,10,9,15,0,7,12,6,16,13,11,8,0,0,1,10,12,14,12,19,0,0,0,0,13,18,23,15,0,0,0,0,0,0,0,0,0,0,0,0,0,0,0,0,0
291,2025-04-22 20:11:34.563,96,23,0,0,0,0,0,0,0,0,0,0,0,0,0,0,0,0,0,0,0,0,0,0,0,0,0,0,0,0,0,1,11,7,0,0,0,0,13,13,9,9,0,0,0,10,23,15,7,13,0,0,10,18,17,8,7,12,0,5,1,0,13,10,8,6,0,0,0,1,9,10,9,16,0,0,0,0,1,13,18,11,0,0,0,0,0,0,0,0,0,0,0,0,0,0,0,0,0
292,2025-04-22 20:11:34.574,96,13,0,0,0,0,0,0,0,0,0,0,0,0,0,0,0,0,0,0,0,0,0,0,0,0,0,0,0,0,0,0,0,1,0,0,0,0,0,0,0,0,0,0,0,1,13,1,4,1,0,0,0,0,9,4,5,7,0,0,0,0,7,6,4,1,0,0,0,0,0,0,5,10,0,0,0,0,0,0,1,0,0,0,0,0,0,0,0,0,0,0,0,0,0,0,0,0,0
293,2025-04-22 20:11:34.582,96,1,0,0,0,0,0,0,0,0,0,0,0,0,0,0,0,0,0,0,0,0,0,0,0,0,0,0,0,0,0,0,0,0,0,0,0,0,0,0,0,0,0,0,0,0,0,0,0,0,0,0,0,0,0,0,1,0,0,0,0,0,0,1,0,0,0,0,0,0,0,0,0,0,0,0,0,0,0,0,0,0,0,0,0,0,0,0,0,0,0,0,0,0,0,0,0,0,0
294,2025-04-22 20:11:34.593,96,0,0,0,0,0,0,0,0,0,0,0,0,0,0,0,0,0,0,0,0,0,0,0,0,0,0,0,0,0,0,0,0,0,0,0,0,0,0,0,0,0,0,0,0,0,0,0,0,0,0,0,0,0,0,0,0,0,0,0,0,0,0,0,0,0,0,0,0,0,0,0,0,0,0,0,0,0,0,0,0,0,0,0,0,0,0,0,0,0,0,0,0,0,0,0,0,0,0
295,2025-04-22 20:11:34.604,96,0,0,0,0,0,0,0,0,0,0,0,0,0,0,0,0,0,0,0,0,0,0,0,0,0,0,0,0,0,0,0,0,0,0,0,0,0,0,0,0,0,0,0,0,0,0,0,0,0,0,0,0,0,0,0,0,0,0,0,0,0,0,0,0,0,0,0,0,0,0,0,0,0,0,0,0,0,0,0,0,0,0,0,0,0,0,0,0,0,0,0,0,0,0,0,0,0,0
296,2025-04-22 20:11:34.613,96,0,0,0,0,0,0,0,0,0,0,0,0,0,0,0,0,0,0,0,0,0,0,0,0,0,0,0,0,0,0,0,0,0,0,0,0,0,0,0,0,0,0,0,0,0,0,0,0,0,0,0,0,0,0,0,0,0,0,0,0,0,0,0,0,0,0,0,0,0,0,0,0,0,0,0,0,0,0,0,0,0,0,0,0,0,0,0,0,0,0,0,0,0,0,0,0,0,0
297,2025-04-22 20:11:34.633,96,0,0,0,0,0,0,0,0,0,0,0,0,0,0,0,0,0,0,0,0,0,0,0,0,0,0,0,0,0,0,0,0,0,0,0,0,0,0,0,0,0,0,0,0,0,0,0,0,0,0,0,0,0,0,0,0,0,0,0,0,0,0,0,0,0,0,0,0,0,0,0,0,0,0,0,0,0,0,0,0,0,0,0,0,0,0,0,0,0,0,0,0,0,0,0,0,0,0
298,2025-04-22 20:11:34.645,96,0,0,0,0,0,0,0,0,0,0,0,0,0,0,0,0,0,0,0,0,0,0,0,0,0,0,0,0,0,0,0,0,0,0,0,0,0,0,0,0,0,0,0,0,0,0,0,0,0,0,0,0,0,0,0,0,0,0,0,0,0,0,0,0,0,0,0,0,0,0,0,0,0,0,0,0,0,0,0,0,0,0,0,0,0,0,0,0,0,0,0,0,0,0,0,0,0,0
299,2025-04-22 20:11:34.657,96,0,0,0,0,0,0,0,0,0,0,0,0,0,0,0,0,0,0,0,0,0,0,0,0,0,0,0,0,0,0,0,0,0,0,0,0,0,0,0,0,0,0,0,0,0,0,0,0,0,0,0,0,0,0,0,0,0,0,0,0,0,0,0,0,0,0,0,0,0,0,0,0,0,0,0,0,0,0,0,0,0,0,0,0,0,0,0,0,0,0,0,0,0,0,0,0,0,0
300,2025-04-22 20:11:34.668,96,0,0,0,0,0,0,0,0,0,0,0,0,0,0,0,0,0,0,0,0,0,0,0,0,0,0,0,0,0,0,0,0,0,0,0,0,0,0,0,0,0,0,0,0,0,0,0,0,0,0,0,0,0,0,0,0,0,0,0,0,0,0,0,0,0,0,0,0,0,0,0,0,0,0,0,0,0,0,0,0,0,0,0,0,0,0,0,0,0,0,0,0,0,0,0,0,0,0
301,2025-04-22 20:11:34.677,96,0,0,0,0,0,0,0,0,0,0,0,0,0,0,0,0,0,0,0,0,0,0,0,0,0,0,0,0,0,0,0,0,0,0,0,0,0,0,0,0,0,0,0,0,0,0,0,0,0,0,0,0,0,0,0,0,0,0,0,0,0,0,0,0,0,0,0,0,0,0,0,0,0,0,0,0,0,0,0,0,0,0,0,0,0,0,0,0,0,0,0,0,0,0,0,0,0,0
302,2025-04-22 20:11:34.689,96,0,0,0,0,0,0,0,0,0,0,0,0,0,0,0,0,0,0,0,0,0,0,0,0,0,0,0,0,0,0,0,0,0,0,0,0,0,0,0,0,0,0,0,0,0,0,0,0,0,0,0,0,0,0,0,0,0,0,0,0,0,0,0,0,0,0,0,0,0,0,0,0,0,0,0,0,0,0,0,0,0,0,0,0,0,0,0,0,0,0,0,0,0,0,0,0,0,0
303,2025-04-22 20:11:34.698,96,0,0,0,0,0,0,0,0,0,0,0,0,0,0,0,0,0,0,0,0,0,0,0,0,0,0,0,0,0,0,0,0,0,0,0,0,0,0,0,0,0,0,0,0,0,0,0,0,0,0,0,0,0,0,0,0,0,0,0,0,0,0,0,0,0,0,0,0,0,0,0,0,0,0,0,0,0,0,0,0,0,0,0,0,0,0,0,0,0,0,0,0,0,0,0,0,0,0
304,2025-04-22 20:11:34.709,96,0,0,0,0,0,0,0,0,0,0,0,0,0,0,0,0,0,0,0,0,0,0,0,0,0,0,0,0,0,0,0,0,0,0,0,0,0,0,0,0,0,0,0,0,0,0,0,0,0,0,0,0,0,0,0,0,0,0,0,0,0,0,0,0,0,0,0,0,0,0,0,0,0,0,0,0,0,0,0,0,0,0,0,0,0,0,0,0,0,0,0,0,0,0,0,0,0,0
305,2025-04-22 20:11:34.719,96,0,0,0,0,0,0,0,0,0,0,0,0,0,0,0,0,0,0,0,0,0,0,0,0,0,0,0,0,0,0,0,0,0,0,0,0,0,0,0,0,0,0,0,0,0,0,0,0,0,0,0,0,0,0,0,0,0,0,0,0,0,0,0,0,0,0,0,0,0,0,0,0,0,0,0,0,0,0,0,0,0,0,0,0,0,0,0,0,0,0,0,0,0,0,0,0,0,0
306,2025-04-22 20:11:34.729,96,0,0,0,0,0,0,0,0,0,0,0,0,0,0,0,0,0,0,0,0,0,0,0,0,0,0,0,0,0,0,0,0,0,0,0,0,0,0,0,0,0,0,0,0,0,0,0,0,0,0,0,0,0,0,0,0,0,0,0,0,0,0,0,0,0,0,0,0,0,0,0,0,0,0,0,0,0,0,0,0,0,0,0,0,0,0,0,0,0,0,0,0,0,0,0,0,0,0
307,2025-04-22 20:11:34.741,96,0,0,0,0,0,0,0,0,0,0,0,0,0,0,0,0,0,0,0,0,0,0,0,0,0,0,0,0,0,0,0,0,0,0,0,0,0,0,0,0,0,0,0,0,0,0,0,0,0,0,0,0,0,0,0,0,0,0,0,0,0,0,0,0,0,0,0,0,0,0,0,0,0,0,0,0,0,0,0,0,0,0,0,0,0,0,0,0,0,0,0,0,0,0,0,0,0,0
308,2025-04-22 20:11:34.751,96,0,0,0,0,0,0,0,0,0,0,0,0,0,0,0,0,0,0,0,0,0,0,0,0,0,0,0,0,0,0,0,0,0,0,0,0,0,0,0,0,0,0,0,0,0,0,0,0,0,0,0,0,0,0,0,0,0,0,0,0,0,0,0,0,0,0,0,0,0,0,0,0,0,0,0,0,0,0,0,0,0,0,0,0,0,0,0,0,0,0,0,0,0,0,0,0,0,0
309,2025-04-22 20:11:34.761,96,0,0,0,0,0,0,0,0,0,0,0,0,0,0,0,0,0,0,0,0,0,0,0,0,0,0,0,0,0,0,0,0,0,0,0,0,0,0,0,0,0,0,0,0,0,0,0,0,0,0,0,0,0,0,0,0,0,0,0,0,0,0,0,0,0,0,0,0,0,0,0,0,0,0,0,0,0,0,0,0,0,0,0,0,0,0,0,0,0,0,0,0,0,0,0,0,0,0
310,2025-04-22 20:11:34.782,96,0,0,0,0,0,0,0,0,0,0,0,0,0,0,0,0,0,0,0,0,0,0,0,0,0,0,0,0,0,0,0,0,0,0,0,0,0,0,0,0,0,0,0,0,0,0,0,0,0,0,0,0,0,0,0,0,0,0,0,0,0,0,0,0,0,0,0,0,0,0,0,0,0,0,0,0,0,0,0,0,0,0,0,0,0,0,0,0,0,0,0,0,0,0,0,0,0,0
311,2025-04-22 20:11:34.793,96,0,0,0,0,0,0,0,0,0,0,0,0,0,0,0,0,0,0,0,0,0,0,0,0,0,0,0,0,0,0,0,0,0,0,0,0,0,0,0,0,0,0,0,0,0,0,0,0,0,0,0,0,0,0,0,0,0,0,0,0,0,0,0,0,0,0,0,0,0,0,0,0,0,0,0,0,0,0,0,0,0,0,0,0,0,0,0,0,0,0,0,0,0,0,0,0,0,0
312,2025-04-22 20:11:34.803,96,0,0,0,0,0,0,0,0,0,0,0,0,0,0,0,0,0,0,0,0,0,0,0,0,0,0,0,0,0,0,0,0,0,0,0,0,0,0,0,0,0,0,0,0,0,0,0,0,0,0,0,0,0,0,0,0,0,0,0,0,0,0,0,0,0,0,0,0,0,0,0,0,0,0,0,0,0,0,0,0,0,0,0,0,0,0,0,0,0,0,0,0,0,0,0,0,0,0
313,2025-04-22 20:11:34.815,96,0,0,0,0,0,0,0,0,0,0,0,0,0,0,0,0,0,0,0,0,0,0,0,0,0,0,0,0,0,0,0,0,0,0,0,0,0,0,0,0,0,0,0,0,0,0,0,0,0,0,0,0,0,0,0,0,0,0,0,0,0,0,0,0,0,0,0,0,0,0,0,0,0,0,0,0,0,0,0,0,0,0,0,0,0,0,0,0,0,0,0,0,0,0,0,0,0,0
314,2025-04-22 20:11:34.824,96,0,0,0,0,0,0,0,0,0,0,0,0,0,0,0,0,0,0,0,0,0,0,0,0,0,0,0,0,0,0,0,0,0,0,0,0,0,0,0,0,0,0,0,0,0,0,0,0,0,0,0,0,0,0,0,0,0,0,0,0,0,0,0,0,0,0,0,0,0,0,0,0,0,0,0,0,0,0,0,0,0,0,0,0,0,0,0,0,0,0,0,0,0,0,0,0,0,0
315,2025-04-22 20:11:34.836,96,0,0,0,0,0,0,0,0,0,0,0,0,0,0,0,0,0,0,0,0,0,0,0,0,0,0,0,0,0,0,0,0,0,0,0,0,0,0,0,0,0,0,0,0,0,0,0,0,0,0,0,0,0,0,0,0,0,0,0,0,0,0,0,0,0,0,0,0,0,0,0,0,0,0,0,0,0,0,0,0,0,0,0,0,0,0,0,0,0,0,0,0,0,0,0,0,0,0
316,2025-04-22 20:11:34.845,96,0,0,0,0,0,0,0,0,0,0,0,0,0,0,0,0,0,0,0,0,0,0,0,0,0,0,0,0,0,0,0,0,0,0,0,0,0,0,0,0,0,0,0,0,0,0,0,0,0,0,0,0,0,0,0,0,0,0,0,0,0,0,0,0,0,0,0,0,0,0,0,0,0,0,0,0,0,0,0,0,0,0,0,0,0,0,0,0,0,0,0,0,0,0,0,0,0,0
317,2025-04-22 20:11:34.856,96,0,0,0,0,0,0,0,0,0,0,0,0,0,0,0,0,0,0,0,0,0,0,0,0,0,0,0,0,0,0,0,0,0,0,0,0,0,0,0,0,0,0,0,0,0,0,0,0,0,0,0,0,0,0,0,0,0,0,0,0,0,0,0,0,0,0,0,0,0,0,0,0,0,0,0,0,0,0,0,0,0,0,0,0,0,0,0,0,0,0,0,0,0,0,0,0,0,0
318,2025-04-22 20:11:34.866,96,0,0,0,0,0,0,0,0,0,0,0,0,0,0,0,0,0,0,0,0,0,0,0,0,0,0,0,0,0,0,0,0,0,0,0,0,0,0,0,0,0,0,0,0,0,0,0,0,0,0,0,0,0,0,0,0,0,0,0,0,0,0,0,0,0,0,0,0,0,0,0,0,0,0,0,0,0,0,0,0,0,0,0,0,0,0,0,0,0,0,0,0,0,0,0,0,0,0
319,2025-04-22 20:11:34.876,96,0,0,0,0,0,0,0,0,0,0,0,0,0,0,0,0,0,0,0,0,0,0,0,0,0,0,0,0,0,0,0,0,0,0,0,0,0,0,0,0,0,0,0,0,0,0,0,0,0,0,0,0,0,0,0,0,0,0,0,0,0,0,0,0,0,0,0,0,0,0,0,0,0,0,0,0,0,0,0,0,0,0,0,0,0,0,0,0,0,0,0,0,0,0,0,0,0,0
320,2025-04-22 20:11:34.888,96,0,0,0,0,0,0,0,0,0,0,0,0,0,0,0,0,0,0,0,0,0,0,0,0,0,0,0,0,0,0,0,0,0,0,0,0,0,0,0,0,0,0,0,0,0,0,0,0,0,0,0,0,0,0,0,0,0,0,0,0,0,0,0,0,0,0,0,0,0,0,0,0,0,0,0,0,0,0,0,0,0,0,0,0,0,0,0,0,0,0,0,0,0,0,0,0,0,0
321,2025-04-22 20:11:34.897,96,0,0,0,0,0,0,0,0,0,0,0,0,0,0,0,0,0,0,0,0,0,0,0,0,0,0,0,0,0,0,0,0,0,0,0,0,0,0,0,0,0,0,0,0,0,0,0,0,0,0,0,0,0,0,0,0,0,0,0,0,0,0,0,0,0,0,0,0,0,0,0,0,0,0,0,0,0,0,0,0,0,0,0,0,0,0,0,0,0,0,0,0,0,0,0,0,0,0
322,2025-04-22 20:11:34.908,96,0,0,0,0,0,0,0,0,0,0,0,0,0,0,0,0,0,0,0,0,0,0,0,0,0,0,0,0,0,0,0,0,0,0,0,0,0,0,0,0,0,0,0,0,0,0,0,0,0,0,0,0,0,0,0,0,0,0,0,0,0,0,0,0,0,0,0,0,0,0,0,0,0,0,0,0,0,0,0,0,0,0,0,0,0,0,0,0,0,0,0,0,0,0,0,0,0,0
323,2025-04-22 20:11:34.929,96,0,0,0,0,0,0,0,0,0,0,0,0,0,0,0,0,0,0,0,0,0,0,0,0,0,0,0,0,0,0,0,0,0,0,0,0,0,0,0,0,0,0,0,0,0,0,0,0,0,0,0,0,0,0,0,0,0,0,0,0,0,0,0,0,0,0,0,0,0,0,0,0,0,0,0,0,0,0,0,0,0,0,0,0,0,0,0,0,0,0,0,0,0,0,0,0,0,0
324,2025-04-22 20:11:34.941,96,0,0,0,0,0,0,0,0,0,0,0,0,0,0,0,0,0,0,0,0,0,0,0,0,0,0,0,0,0,0,0,0,0,0,0,0,0,0,0,0,0,0,0,0,0,0,0,0,0,0,0,0,0,0,0,0,0,0,0,0,0,0,0,0,0,0,0,0,0,0,0,0,0,0,0,0,0,0,0,0,0,0,0,0,0,0,0,0,0,0,0,0,0,0,0,0,0,0
325,2025-04-22 20:11:34.951,96,0,0,0,0,0,0,0,0,0,0,0,0,0,0,0,0,0,0,0,0,0,0,0,0,0,0,0,0,0,0,0,0,0,0,0,0,0,0,0,0,0,0,0,0,0,0,0,0,0,0,0,0,0,0,0,0,0,0,0,0,0,0,0,0,0,0,0,0,0,0,0,0,0,0,0,0,0,0,0,0,0,0,0,0,0,0,0,0,0,0,0,0,0,0,0,0,0,0
326,2025-04-22 20:11:34.962,96,0,0,0,0,0,0,0,0,0,0,0,0,0,0,0,0,0,0,0,0,0,0,0,0,0,0,0,0,0,0,0,0,0,0,0,0,0,0,0,0,0,0,0,0,0,0,0,0,0,0,0,0,0,0,0,0,0,0,0,0,0,0,0,0,0,0,0,0,0,0,0,0,0,0,0,0,0,0,0,0,0,0,0,0,0,0,0,0,0,0,0,0,0,0,0,0,0,0
327,2025-04-22 20:11:34.973,96,0,0,0,0,0,0,0,0,0,0,0,0,0,0,0,0,0,0,0,0,0,0,0,0,0,0,0,0,0,0,0,0,0,0,0,0,0,0,0,0,0,0,0,0,0,0,0,0,0,0,0,0,0,0,0,0,0,0,0,0,0,0,0,0,0,0,0,0,0,0,0,0,0,0,0,0,0,0,0,0,0,0,0,0,0,0,0,0,0,0,0,0,0,0,0,0,0,0
328,2025-04-22 20:11:34.984,96,0,0,0,0,0,0,0,0,0,0,0,0,0,0,0,0,0,0,0,0,0,0,0,0,0,0,0,0,0,0,0,0,0,0,0,0,0,0,0,0,0,0,0,0,0,0,0,0,0,0,0,0,0,0,0,0,0,0,0,0,0,0,0,0,0,0,0,0,0,0,0,0,0,0,0,0,0,0,0,0,0,0,0,0,0,0,0,0,0,0,0,0,0,0,0,0,0,0
329,2025-04-22 20:11:34.994,96,0,0,0,0,0,0,0,0,0,0,0,0,0,0,0,0,0,0,0,0,0,0,0,0,0,0,0,0,0,0,0,0,0,0,0,0,0,0,0,0,0,0,0,0,0,0,0,0,0,0,0,0,0,0,0,0,0,0,0,0,0,0,0,0,0,0,0,0,0,0,0,0,0,0,0,0,0,0,0,0,0,0,0,0,0,0,0,0,0,0,0,0,0,0,0,0,0,0
330,2025-04-22 20:11:35.005,96,0,0,0,0,0,0,0,0,0,0,0,0,0,0,0,0,0,0,0,0,0,0,0,0,0,0,0,0,0,0,0,0,0,0,0,0,0,0,0,0,0,0,0,0,0,0,0,0,0,0,0,0,0,0,0,0,0,0,0,0,0,0,0,0,0,0,0,0,0,0,0,0,0,0,0,0,0,0,0,0,0,0,0,0,0,0,0,0,0,0,0,0,0,0,0,0,0,0
331,2025-04-22 20:11:35.016,96,0,0,0,0,0,0,0,0,0,0,0,0,0,0,0,0,0,0,0,0,0,0,0,0,0,0,0,0,0,0,0,0,0,0,0,0,0,0,0,0,0,0,0,0,0,0,0,0,0,0,0,0,0,0,0,0,0,0,0,0,0,0,0,0,0,0,0,0,0,0,0,0,0,0,0,0,0,0,0,0,0,0,0,0,0,0,0,0,0,0,0,0,0,0,0,0,0,0
332,2025-04-22 20:11:35.026,96,0,0,0,0,0,0,0,0,0,0,0,0,0,0,0,0,0,0,0,0,0,0,0,0,0,0,0,0,0,0,0,0,0,0,0,0,0,0,0,0,0,0,0,0,0,0,0,0,0,0,0,0,0,0,0,0,0,0,0,0,0,0,0,0,0,0,0,0,0,0,0,0,0,0,0,0,0,0,0,0,0,0,0,0,0,0,0,0,0,0,0,0,0,0,0,0,0,0
333,2025-04-22 20:11:35.037,96,0,0,0,0,0,0,0,0,0,0,0,0,0,0,0,0,0,0,0,0,0,0,0,0,0,0,0,0,0,0,0,0,0,0,0,0,0,0,0,0,0,0,0,0,0,0,0,0,0,0,0,0,0,0,0,0,0,0,0,0,0,0,0,0,0,0,0,0,0,0,0,0,0,0,0,0,0,0,0,0,0,0,0,0,0,0,0,0,0,0,0,0,0,0,0,0,0,0
334,2025-04-22 20:11:35.047,96,0,0,0,0,0,0,0,0,0,0,0,0,0,0,0,0,0,0,0,0,0,0,0,0,0,0,0,0,0,0,0,0,0,0,0,0,0,0,0,0,0,0,0,0,0,0,0,0,0,0,0,0,0,0,0,0,0,0,0,0,0,0,0,0,0,0,0,0,0,0,0,0,0,0,0,0,0,0,0,0,0,0,0,0,0,0,0,0,0,0,0,0,0,0,0,0,0,0
335,2025-04-22 20:11:35.059,96,0,0,0,0,0,0,0,0,0,0,0,0,0,0,0,0,0,0,0,0,0,0,0,0,0,0,0,0,0,0,0,0,0,0,0,0,0,0,0,0,0,0,0,0,0,0,0,0,0,0,0,0,0,0,0,0,0,0,0,0,0,0,0,0,0,0,0,0,0,0,0,0,0,0,0,0,0,0,0,0,0,0,0,0,0,0,0,0,0,0,0,0,0,0,0,0,0,0
336,2025-04-22 20:11:35.068,96,0,0,0,0,0,0,0,0,0,0,0,0,0,0,0,0,0,0,0,0,0,0,0,0,0,0,0,0,0,0,0,0,0,0,0,0,0,0,0,0,0,0,0,0,0,0,0,0,0,0,0,0,0,0,0,0,0,0,0,0,0,0,0,0,0,0,0,0,0,0,0,0,0,0,0,0,0,0,0,0,0,0,0,0,0,0,0,0,0,0,0,0,0,0,0,0,0,0
337,2025-04-22 20:11:35.089,96,0,0,0,0,0,0,0,0,0,0,0,0,0,0,0,0,0,0,0,0,0,0,0,0,0,0,0,0,0,0,0,0,0,0,0,0,0,0,0,0,0,0,0,0,0,0,0,0,0,0,0,0,0,0,0,0,0,0,0,0,0,0,0,0,0,0,0,0,0,0,0,0,0,0,0,0,0,0,0,0,0,0,0,0,0,0,0,0,0,0,0,0,0,0,0,0,0,0
338,2025-04-22 20:11:35.101,96,0,0,0,0,0,0,0,0,0,0,0,0,0,0,0,0,0,0,0,0,0,0,0,0,0,0,0,0,0,0,0,0,0,0,0,0,0,0,0,0,0,0,0,0,0,0,0,0,0,0,0,0,0,0,0,0,0,0,0,0,0,0,0,0,0,0,0,0,0,0,0,0,0,0,0,0,0,0,0,0,0,0,0,0,0,0,0,0,0,0,0,0,0,0,0,0,0,0
339,2025-04-22 20:11:35.111,96,0,0,0,0,0,0,0,0,0,0,0,0,0,0,0,0,0,0,0,0,0,0,0,0,0,0,0,0,0,0,0,0,0,0,0,0,0,0,0,0,0,0,0,0,0,0,0,0,0,0,0,0,0,0,0,0,0,0,0,0,0,0,0,0,0,0,0,0,0,0,0,0,0,0,0,0,0,0,0,0,0,0,0,0,0,0,0,0,0,0,0,0,0,0,0,0,0,0
340,2025-04-22 20:11:35.122,96,0,0,0,0,0,0,0,0,0,0,0,0,0,0,0,0,0,0,0,0,0,0,0,0,0,0,0,0,0,0,0,0,0,0,0,0,0,0,0,0,0,0,0,0,0,0,0,0,0,0,0,0,0,0,0,0,0,0,0,0,0,0,0,0,0,0,0,0,0,0,0,0,0,0,0,0,0,0,0,0,0,0,0,0,0,0,0,0,0,0,0,0,0,0,0,0,0,0
341,2025-04-22 20:11:35.133,96,0,0,0,0,0,0,0,0,0,0,0,0,0,0,0,0,0,0,0,0,0,0,0,0,0,0,0,0,0,0,0,0,0,0,0,0,0,0,0,0,0,0,0,0,0,0,0,0,0,0,0,0,0,0,0,0,0,0,0,0,0,0,0,0,0,0,0,0,0,0,0,0,0,0,0,0,0,0,0,0,0,0,0,0,0,0,0,0,0,0,0,0,0,0,0,0,0,0
342,2025-04-22 20:11:35.142,96,0,0,0,0,0,0,0,0,0,0,0,0,0,0,0,0,0,0,0,0,0,0,0,0,0,0,0,0,0,0,0,0,0,0,0,0,0,0,0,0,0,0,0,0,0,0,0,0,0,0,0,0,0,0,0,0,0,0,0,0,0,0,0,0,0,0,0,0,0,0,0,0,0,0,0,0,0,0,0,0,0,0,0,0,0,0,0,0,0,0,0,0,0,0,0,0,0,0
343,2025-04-22 20:11:35.153,96,0,0,0,0,0,0,0,0,0,0,0,0,0,0,0,0,0,0,0,0,0,0,0,0,0,0,0,0,0,0,0,0,0,0,0,0,0,0,0,0,0,0,0,0,0,0,0,0,0,0,0,0,0,0,0,0,0,0,0,0,0,0,0,0,0,0,0,0,0,0,0,0,0,0,0,0,0,0,0,0,0,0,0,0,0,0,0,0,0,0,0,0,0,0,0,0,0,0
344,2025-04-22 20:11:35.164,96,0,0,0,0,0,0,0,0,0,0,0,0,0,0,0,0,0,0,0,0,0,0,0,0,0,0,0,0,0,0,0,0,0,0,0,0,0,0,0,0,0,0,0,0,0,0,0,0,0,0,0,0,0,0,0,0,0,0,0,0,0,0,0,0,0,0,0,0,0,0,0,0,0,0,0,0,0,0,0,0,0,0,0,0,0,0,0,0,0,0,0,0,0,0,0,0,0,0
345,2025-04-22 20:11:35.175,96,0,0,0,0,0,0,0,0,0,0,0,0,0,0,0,0,0,0,0,0,0,0,0,0,0,0,0,0,0,0,0,0,0,0,0,0,0,0,0,0,0,0,0,0,0,0,0,0,0,0,0,0,0,0,0,0,0,0,0,0,0,0,0,0,0,0,0,0,0,0,0,0,0,0,0,0,0,0,0,0,0,0,0,0,0,0,0,0,0,0,0,0,0,0,0,0,0,0
346,2025-04-22 20:11:35.184,96,0,0,0,0,0,0,0,0,0,0,0,0,0,0,0,0,0,0,0,0,0,0,0,0,0,0,0,0,0,0,0,0,0,0,0,0,0,0,0,0,0,0,0,0,0,0,0,0,0,0,0,0,0,0,0,0,0,0,0,0,0,0,0,0,0,0,0,0,0,0,0,0,0,0,0,0,0,0,0,0,0,0,0,0,0,0,0,0,0,0,0,0,0,0,0,0,0,0
347,2025-04-22 20:11:35.196,96,0,0,0,0,0,0,0,0,0,0,0,0,0,0,0,0,0,0,0,0,0,0,0,0,0,0,0,0,0,0,0,0,0,0,0,0,0,0,0,0,0,0,0,0,0,0,0,0,0,0,0,0,0,0,0,0,0,0,0,0,0,0,0,0,0,0,0,0,0,0,0,0,0,0,0,0,0,0,0,0,0,0,0,0,0,0,0,0,0,0,0,0,0,0,0,0,0,0
348,2025-04-22 20:11:35.205,96,0,0,0,0,0,0,0,0,0,0,0,0,0,0,0,0,0,0,0,0,0,0,0,0,0,0,0,0,0,0,0,0,0,0,0,0,0,0,0,0,0,0,0,0,0,0,0,0,0,0,0,0,0,0,0,0,0,0,0,0,0,0,0,0,0,0,0,0,0,0,0,0,0,0,0,0,0,0,0,0,0,0,0,0,0,0,0,0,0,0,0,0,0,0,0,0,0,0
349,2025-04-22 20:11:35.225,96,0,0,0,0,0,0,0,0,0,0,0,0,0,0,0,0,0,0,0,0,0,0,0,0,0,0,0,0,0,0,0,0,0,0,0,0,0,0,0,0,0,0,0,0,0,0,0,0,0,0,0,0,0,0,0,0,0,0,0,0,0,0,0,0,0,0,0,0,0,0,0,0,0,0,0,0,0,0,0,0,0,0,0,0,0,0,0,0,0,0,0,0,0,0,0,0,0,0
350,2025-04-22 20:11:35.236,96,0,0,0,0,0,0,0,0,0,0,0,0,0,0,0,0,0,0,0,0,0,0,0,0,0,0,0,0,0,0,0,0,0,0,0,0,0,0,0,0,0,0,0,0,0,0,0,0,0,0,0,0,0,0,0,0,0,0,0,0,0,0,0,0,0,0,0,0,0,0,0,0,0,0,0,0,0,0,0,0,0,0,0,0,0,0,0,0,0,0,0,0,0,0,0,0,0,0
351,2025-04-22 20:11:35.247,96,0,0,0,0,0,0,0,0,0,0,0,0,0,0,0,0,0,0,0,0,0,0,0,0,0,0,0,0,0,0,0,0,0,0,0,0,0,0,0,0,0,0,0,0,0,0,0,0,0,0,0,0,0,0,0,0,0,0,0,0,0,0,0,0,0,0,0,0,0,0,0,0,0,0,0,0,0,0,0,0,0,0,0,0,0,0,0,0,0,0,0,0,0,0,0,0,0,0
352,2025-04-22 20:11:35.255,96,0,0,0,0,0,0,0,0,0,0,0,0,0,0,0,0,0,0,0,0,0,0,0,0,0,0,0,0,0,0,0,0,0,0,0,0,0,0,0,0,0,0,0,0,0,0,0,0,0,0,0,0,0,0,0,0,0,0,0,0,0,0,0,0,0,0,0,0,0,0,0,0,0,0,0,0,0,0,0,0,0,0,0,0,0,0,0,0,0,0,0,0,0,0,0,0,0,0
353,2025-04-22 20:11:35.268,96,0,0,0,0,0,0,0,0,0,0,0,0,0,0,0,0,0,0,0,0,0,0,0,0,0,0,0,0,0,0,0,0,0,0,0,0,0,0,0,0,0,0,0,0,0,0,0,0,0,0,0,0,0,0,0,0,0,0,0,0,0,0,0,0,0,0,0,0,0,0,0,0,0,0,0,0,0,0,0,0,0,0,0,0,0,0,0,0,0,0,0,0,0,0,0,0,0,0
354,2025-04-22 20:11:35.277,96,0,0,0,0,0,0,0,0,0,0,0,0,0,0,0,0,0,0,0,0,0,0,0,0,0,0,0,0,0,0,0,0,0,0,0,0,0,0,0,0,0,0,0,0,0,0,0,0,0,0,0,0,0,0,0,0,0,0,0,0,0,0,0,0,0,0,0,0,0,0,0,0,0,0,0,0,0,0,0,0,0,0,0,0,0,0,0,0,0,0,0,0,0,0,0,0,0,0
355,2025-04-22 20:11:35.288,96,0,0,0,0,0,0,0,0,0,0,0,0,0,0,0,0,0,0,0,0,0,0,0,0,0,0,0,0,0,0,0,0,0,0,0,0,0,0,0,0,0,0,0,0,0,0,0,0,0,0,0,0,0,0,0,0,0,0,0,0,0,0,0,0,0,0,0,0,0,0,0,0,0,0,0,0,0,0,0,0,0,0,0,0,0,0,0,0,0,0,0,0,0,0,0,0,0,0
356,2025-04-22 20:11:35.299,96,0,0,0,0,0,0,0,0,0,0,0,0,0,0,0,0,0,0,0,0,0,0,0,0,0,0,0,0,0,0,0,0,0,0,0,0,0,0,0,0,0,0,0,0,0,0,0,0,0,0,0,0,0,0,0,0,0,0,0,0,0,0,0,0,0,0,0,0,0,0,0,0,0,0,0,0,0,0,0,0,0,0,0,0,0,0,0,0,0,0,0,0,0,0,0,0,0,0
357,2025-04-22 20:11:35.309,96,0,0,0,0,0,0,0,0,0,0,0,0,0,0,0,0,0,0,0,0,0,0,0,0,0,0,0,0,0,0,0,0,0,0,0,0,0,0,0,0,0,0,0,0,0,0,0,0,0,0,0,0,0,0,0,0,0,0,0,0,0,0,0,0,0,0,0,0,0,0,0,0,0,0,0,0,0,0,0,0,0,0,0,0,0,0,0,0,0,0,0,0,0,0,0,0,0,0
358,2025-04-22 20:11:35.321,96,0,0,0,0,0,0,0,0,0,0,0,0,0,0,0,0,0,0,0,0,0,0,0,0,0,0,0,0,0,0,0,0,0,0,0,0,0,0,0,0,0,0,0,0,0,0,0,0,0,0,0,0,0,0,0,0,0,0,0,0,0,0,0,0,0,0,0,0,0,0,0,0,0,0,0,0,0,0,0,0,0,0,0,0,0,0,0,0,0,0,0,0,0,0,0,0,0,0
359,2025-04-22 20:11:35.331,96,0,0,0,0,0,0,0,0,0,0,0,0,0,0,0,0,0,0,0,0,0,0,0,0,0,0,0,0,0,0,0,0,0,0,0,0,0,0,0,0,0,0,0,0,0,0,0,0,0,0,0,0,0,0,0,0,0,0,0,0,0,0,0,0,0,0,0,0,0,0,0,0,0,0,0,0,0,0,0,0,0,0,0,0,0,0,0,0,0,0,0,0,0,0,0,0,0,0
360,2025-04-22 20:11:35.342,96,0,0,0,0,0,0,0,0,0,0,0,0,0,0,0,0,0,0,0,0,0,0,0,0,0,0,0,0,0,0,0,0,0,0,0,0,0,0,0,0,0,0,0,0,0,0,0,0,0,0,0,0,0,0,0,0,0,0,0,0,0,0,0,0,0,0,0,0,0,0,0,0,0,0,0,0,0,0,0,0,0,0,0,0,0,0,0,0,0,0,0,0,0,0,0,0,0,0
361,2025-04-22 20:11:35.353,96,0,0,0,0,0,0,0,0,0,0,0,0,0,0,0,0,0,0,0,0,0,0,0,0,0,0,0,0,0,0,0,0,0,0,0,0,0,0,0,0,0,0,0,0,0,0,0,0,0,0,0,0,0,0,0,0,0,0,0,0,0,0,0,0,0,0,0,0,0,0,0,0,0,0,0,0,0,0,0,0,0,0,0,0,0,0,0,0,0,0,0,0,0,0,0,0,0,0
362,2025-04-22 20:11:35.365,96,0,0,0,0,0,0,0,0,0,0,0,0,0,0,0,0,0,0,0,0,0,0,0,0,0,0,0,0,0,0,0,0,0,0,0,0,0,0,0,0,0,0,0,0,0,0,0,0,0,0,0,0,0,0,0,0,0,0,0,0,0,0,0,0,0,0,0,0,0,0,0,0,0,0,0,0,0,0,0,0,0,0,0,0,0,0,0,0,0,0,0,0,0,0,0,0,0,0
363,2025-04-22 20:11:35.384,96,0,0,0,0,0,0,0,0,0,0,0,0,0,0,0,0,0,0,0,0,0,0,0,0,0,0,0,0,0,0,0,0,0,0,0,0,0,0,0,0,0,0,0,0,0,0,0,0,0,0,0,0,0,0,0,0,0,0,0,0,0,0,0,0,0,0,0,0,0,0,0,0,0,0,0,0,0,0,0,0,0,0,0,0,0,0,0,0,0,0,0,0,0,0,0,0,0,0
364,2025-04-22 20:11:35.394,96,0,0,0,0,0,0,0,0,0,0,0,0,0,0,0,0,0,0,0,0,0,0,0,0,0,0,0,0,0,0,0,0,0,0,0,0,0,0,0,0,0,0,0,0,0,0,0,0,0,0,0,0,0,0,0,0,0,0,0,0,0,0,0,0,0,0,0,0,0,0,0,0,0,0,0,0,0,0,0,0,0,0,0,0,0,0,0,0,0,0,0,0,0,0,0,0,0,0
365,2025-04-22 20:11:35.405,96,0,0,0,0,0,0,0,0,0,0,0,0,0,0,0,0,0,0,0,0,0,0,0,0,0,0,0,0,0,0,0,0,0,0,0,0,0,0,0,0,0,0,0,0,0,0,0,0,0,0,0,0,0,0,0,0,0,0,0,0,0,0,0,0,0,0,0,0,0,0,0,0,0,0,0,0,0,0,0,0,0,0,0,0,0,0,0,0,0,0,0,0,0,0,0,0,0,0
366,2025-04-22 20:11:35.416,96,0,0,0,0,0,0,0,0,0,0,0,0,0,0,0,0,0,0,0,0,0,0,0,0,0,0,0,0,0,0,0,0,0,0,0,0,0,0,0,0,0,0,0,0,0,0,0,0,0,0,0,0,0,0,0,0,0,0,0,0,0,0,0,0,0,0,0,0,0,0,0,0,0,0,0,0,0,0,0,0,0,0,0,0,0,0,0,0,0,0,0,0,0,0,0,0,0,0
367,2025-04-22 20:11:35.426,96,0,0,0,0,0,0,0,0,0,0,0,0,0,0,0,0,0,0,0,0,0,0,0,0,0,0,0,0,0,0,0,0,0,0,0,0,0,0,0,0,0,0,0,0,0,0,0,0,0,0,0,0,0,0,0,0,0,0,0,0,0,0,0,0,0,0,0,0,0,0,0,0,0,0,0,0,0,0,0,0,0,0,0,0,0,0,0,0,0,0,0,0,0,0,0,0,0,0
368,2025-04-22 20:11:35.436,96,0,0,0,0,0,0,0,0,0,0,0,0,0,0,0,0,0,0,0,0,0,0,0,0,0,0,0,0,0,0,0,0,0,0,0,0,0,0,0,0,0,0,0,0,0,0,0,0,0,0,0,0,0,0,0,0,0,0,0,0,0,0,0,0,0,0,0,0,0,0,0,0,0,0,0,0,0,0,0,0,0,0,0,0,0,0,0,0,0,0,0,0,0,0,0,0,0,0
369,2025-04-22 20:11:35.447,96,0,0,0,0,0,0,0,0,0,0,0,0,0,0,0,0,0,0,0,0,0,0,0,0,0,0,0,0,0,0,0,0,0,0,0,0,0,0,0,0,0,0,0,0,0,0,0,0,0,0,0,0,0,0,0,0,0,0,0,0,0,0,0,0,0,0,0,0,0,0,0,0,0,0,0,0,0,0,0,0,0,0,0,0,0,0,0,0,0,0,0,0,0,0,0,0,0,0
370,2025-04-22 20:11:35.457,96,0,0,0,0,0,0,0,0,0,0,0,0,0,0,0,0,0,0,0,0,0,0,0,0,0,0,0,0,0,0,0,0,0,0,0,0,0,0,0,0,0,0,0,0,0,0,0,0,0,0,0,0,0,0,0,0,0,0,0,0,0,0,0,0,0,0,0,0,0,0,0,0,0,0,0,0,0,0,0,0,0,0,0,0,0,0,0,0,0,0,0,0,0,0,0,0,0,0
371,2025-04-22 20:11:35.468,96,0,0,0,0,0,0,0,0,0,0,0,0,0,0,0,0,0,0,0,0,0,0,0,0,0,0,0,0,0,0,0,0,0,0,0,0,0,0,0,0,0,0,0,0,0,0,0,0,0,0,0,0,0,0,0,0,0,0,0,0,0,0,0,0,0,0,0,0,0,0,0,0,0,0,0,0,0,0,0,0,0,0,0,0,0,0,0,0,0,0,0,0,0,0,0,0,0,0
372,2025-04-22 20:11:35.477,96,0,0,0,0,0,0,0,0,0,0,0,0,0,0,0,0,0,0,0,0,0,0,0,0,0,0,0,0,0,0,0,0,0,0,0,0,0,0,0,0,0,0,0,0,0,0,0,0,0,0,0,0,0,0,0,0,0,0,0,0,0,0,0,0,0,0,0,0,0,0,0,0,0,0,0,0,0,0,0,0,0,0,0,0,0,0,0,0,0,0,0,0,0,0,0,0,0,0
373,2025-04-22 20:11:35.498,96,0,0,0,0,0,0,0,0,0,0,0,0,0,0,0,0,0,0,0,0,0,0,0,0,0,0,0,0,0,0,0,0,0,0,0,0,0,0,0,0,0,0,0,0,0,0,0,0,0,0,0,0,0,0,0,0,0,0,0,0,0,0,0,0,0,0,0,0,0,0,0,0,0,0,0,0,0,0,0,0,0,0,0,0,0,0,0,0,0,0,0,0,0,0,0,0,0,0
374,2025-04-22 20:11:35.510,96,0,0,0,0,0,0,0,0,0,0,0,0,0,0,0,0,0,0,0,0,0,0,0,0,0,0,0,0,0,0,0,0,0,0,0,0,0,0,0,0,0,0,0,0,0,0,0,0,0,0,0,0,0,0,0,0,0,0,0,0,0,0,0,0,0,0,0,0,0,0,0,0,0,0,0,0,0,0,0,0,0,0,0,0,0,0,0,0,0,0,0,0,0,0,0,0,0,0
375,2025-04-22 20:11:35.520,96,0,0,0,0,0,0,0,0,0,0,0,0,0,0,0,0,0,0,0,0,0,0,0,0,0,0,0,0,0,0,0,0,0,0,0,0,0,0,0,0,0,0,0,0,0,0,0,0,0,0,0,0,0,0,0,0,0,0,0,0,0,0,0,0,0,0,0,0,0,0,0,0,0,0,0,0,0,0,0,0,0,0,0,0,0,0,0,0,0,0,0,0,0,0,0,0,0,0
376,2025-04-22 20:11:35.530,96,0,0,0,0,0,0,0,0,0,0,0,0,0,0,0,0,0,0,0,0,0,0,0,0,0,0,0,0,0,0,0,0,0,0,0,0,0,0,0,0,0,0,0,0,0,0,0,0,0,0,0,0,0,0,0,0,0,0,0,0,0,0,0,0,0,0,0,0,0,0,0,0,0,0,0,0,0,0,0,0,0,0,0,0,0,0,0,0,0,0,0,0,0,0,0,0,0,0
377,2025-04-22 20:11:35.540,96,0,0,0,0,0,0,0,0,0,0,0,0,0,0,0,0,0,0,0,0,0,0,0,0,0,0,0,0,0,0,0,0,0,0,0,0,0,0,0,0,0,0,0,0,0,0,0,0,0,0,0,0,0,0,0,0,0,0,0,0,0,0,0,0,0,0,0,0,0,0,0,0,0,0,0,0,0,0,0,0,0,0,0,0,0,0,0,0,0,0,0,0,0,0,0,0,0,0
378,2025-04-22 20:11:35.550,96,0,0,0,0,0,0,0,0,0,0,0,0,0,0,0,0,0,0,0,0,0,0,0,0,0,0,0,0,0,0,0,0,0,0,0,0,0,0,0,0,0,0,0,0,0,0,0,0,0,0,0,0,0,0,0,0,0,0,0,0,0,0,0,0,0,0,0,0,0,0,0,0,0,0,0,0,0,0,0,0,0,0,0,0,0,0,0,0,0,0,0,0,0,0,0,0,0,0
379,2025-04-22 20:11:35.562,96,0,0,0,0,0,0,0,0,0,0,0,0,0,0,0,0,0,0,0,0,0,0,0,0,0,0,0,0,0,0,0,0,0,0,0,0,0,0,0,0,0,0,0,0,0,0,0,0,0,0,0,0,0,0,0,0,0,0,0,0,0,0,0,0,0,0,0,0,0,0,0,0,0,0,0,0,0,0,0,0,0,0,0,0,0,0,0,0,0,0,0,0,0,0,0,0,0,0
380,2025-04-22 20:11:35.572,96,0,0,0,0,0,0,0,0,0,0,0,0,0,0,0,0,0,0,0,0,0,0,0,0,0,0,0,0,0,0,0,0,0,0,0,0,0,0,0,0,0,0,0,0,0,0,0,0,0,0,0,0,0,0,0,0,0,0,0,0,0,0,0,0,0,0,0,0,0,0,0,0,0,0,0,0,0,0,0,0,0,0,0,0,0,0,0,0,0,0,0,0,0,0,0,0,0,0
381,2025-04-22 20:11:35.581,96,0,0,0,0,0,0,0,0,0,0,0,0,0,0,0,0,0,0,0,0,0,0,0,0,0,0,0,0,0,0,0,0,0,0,0,0,0,0,0,0,0,0,0,0,0,0,0,0,0,0,0,0,0,0,0,0,0,0,0,0,0,0,0,0,0,0,0,0,0,0,0,0,0,0,0,0,0,0,0,0,0,0,0,0,0,0,0,0,0,0,0,0,0,0,0,0,0,0
382,2025-04-22 20:11:35.591,96,0,0,0,0,0,0,0,0,0,0,0,0,0,0,0,0,0,0,0,0,0,0,0,0,0,0,0,0,0,0,0,0,0,0,0,0,0,0,0,0,0,0,0,0,0,0,0,0,0,0,0,0,0,0,0,0,0,0,0,0,0,0,0,0,0,0,0,0,0,0,0,0,0,0,0,0,0,0,0,0,0,0,0,0,0,0,0,0,0,0,0,0,0,0,0,0,0,0
383,2025-04-22 20:11:35.613,96,0,0,0,0,0,0,0,0,0,0,0,0,0,0,0,0,0,0,0,0,0,0,0,0,0,0,0,0,0,0,0,0,0,0,0,0,0,0,0,0,0,0,0,0,0,0,0,0,0,0,0,0,0,0,0,0,0,0,0,0,0,0,0,0,0,0,0,0,0,0,0,0,0,0,0,0,0,0,0,0,0,0,0,0,0,0,0,0,0,0,0,0,0,0,0,0,0,0
384,2025-04-22 20:11:35.623,96,0,0,0,0,0,0,0,0,0,0,0,0,0,0,0,0,0,0,0,0,0,0,0,0,0,0,0,0,0,0,0,0,0,0,0,0,0,0,0,0,0,0,0,0,0,0,0,0,0,0,0,0,0,0,0,0,0,0,0,0,0,0,0,0,0,0,0,0,0,0,0,0,0,0,0,0,0,0,0,0,0,0,0,0,0,0,0,0,0,0,0,0,0,0,0,0,0,0
385,2025-04-22 20:11:35.635,96,0,0,0,0,0,0,0,0,0,0,0,0,0,0,0,0,0,0,0,0,0,0,0,0,0,0,0,0,0,0,0,0,0,0,0,0,0,0,0,0,0,0,0,0,0,0,0,0,0,0,0,0,0,0,0,0,0,0,0,0,0,0,0,0,0,0,0,0,0,0,0,0,0,0,0,0,0,0,0,0,0,0,0,0,0,0,0,0,0,0,0,0,0,0,0,0,0,0
386,2025-04-22 20:11:35.646,96,0,0,0,0,0,0,0,0,0,0,0,0,0,0,0,0,0,0,0,0,0,0,0,0,0,0,0,0,0,0,0,0,0,0,0,0,0,0,0,0,0,0,0,0,0,0,0,0,0,0,0,0,0,0,0,0,0,0,0,0,0,0,0,0,0,0,0,0,0,0,0,0,0,0,0,0,0,0,0,0,0,0,0,0,0,0,0,0,0,0,0,0,0,0,0,0,0,0
387,2025-04-22 20:11:35.656,96,0,0,0,0,0,0,0,0,0,0,0,0,0,0,0,0,0,0,0,0,0,0,0,0,0,0,0,0,0,0,0,0,0,0,0,0,0,0,0,0,0,0,0,0,0,0,0,0,0,0,0,0,0,0,0,0,0,0,0,0,0,0,0,0,0,0,0,0,0,0,0,0,0,0,0,0,0,0,0,0,0,0,0,0,0,0,0,0,0,0,0,0,0,0,0,0,0,0
388,2025-04-22 20:11:35.667,96,0,0,0,0,0,0,0,0,0,0,0,0,0,0,0,0,0,0,0,0,0,0,0,0,0,0,0,0,0,0,0,0,0,0,0,0,0,0,0,0,0,0,0,0,0,0,0,0,0,0,0,0,0,0,0,0,0,0,0,0,0,0,0,0,0,0,0,0,0,0,0,0,0,0,0,0,0,0,0,0,0,0,0,0,0,0,0,0,0,0,0,0,0,0,0,0,0,0
389,2025-04-22 20:11:35.677,96,0,0,0,0,0,0,0,0,0,0,0,0,0,0,0,0,0,0,0,0,0,0,0,0,0,0,0,0,0,0,0,0,0,0,0,0,0,0,0,0,0,0,0,0,0,0,0,0,0,0,0,0,0,0,0,0,0,0,0,0,0,0,0,0,0,0,0,0,0,0,0,0,0,0,0,0,0,0,0,0,0,0,0,0,0,0,0,0,0,0,0,0,0,0,0,0,0,0
390,2025-04-22 20:11:35.689,96,0,0,0,0,0,0,0,0,0,0,0,0,0,0,0,0,0,0,0,0,0,0,0,0,0,0,0,0,0,0,0,0,0,0,0,0,0,0,0,0,0,0,0,0,0,0,0,0,0,0,0,0,0,0,0,0,0,0,0,0,0,0,0,0,0,0,0,0,0,0,0,0,0,0,0,0,0,0,0,0,0,0,0,0,0,0,0,0,0,0,0,0,0,0,0,0,0,0
391,2025-04-22 20:11:35.700,96,0,0,0,0,0,0,0,0,0,0,0,0,0,0,0,0,0,0,0,0,0,0,0,0,0,0,0,0,0,0,0,0,0,0,0,0,0,0,0,0,0,0,0,0,0,0,0,0,0,0,0,0,0,0,0,0,0,0,0,0,0,0,0,0,0,0,0,0,0,0,0,0,0,0,0,0,0,0,0,0,0,0,0,0,0,0,0,0,0,0,0,0,0,0,0,0,0,0
392,2025-04-22 20:11:35.710,96,0,0,0,0,0,0,0,0,0,0,0,0,0,0,0,0,0,0,0,0,0,0,0,0,0,0,0,0,0,0,0,0,0,0,0,0,0,0,0,0,0,0,0,0,0,0,0,0,0,0,0,0,0,0,0,0,0,0,0,0,0,0,0,0,0,0,0,0,0,0,0,0,0,0,0,0,0,0,0,0,0,0,0,0,0,0,0,0,0,0,0,0,0,0,0,0,0,0
393,2025-04-22 20:11:35.721,96,0,0,0,0,0,0,0,0,0,0,0,0,0,0,0,0,0,0,0,0,0,0,0,0,0,0,0,0,0,0,0,0,0,0,0,0,0,0,0,0,0,0,0,0,0,0,0,0,0,0,0,0,0,0,0,0,0,0,0,0,0,0,0,0,0,0,0,0,0,0,0,0,0,0,0,0,0,0,0,0,0,0,0,0,0,0,0,0,0,0,0,0,0,0,0,0,0,0
394,2025-04-22 20:11:35.731,96,0,0,0,0,0,0,0,0,0,0,0,0,0,0,0,0,0,0,0,0,0,0,0,0,0,0,0,0,0,0,0,0,0,0,0,0,0,0,0,0,0,0,0,0,0,0,0,0,0,0,0,0,0,0,0,0,0,0,0,0,0,0,0,0,0,0,0,0,0,0,0,0,0,0,0,0,0,0,0,0,0,0,0,0,0,0,0,0,0,0,0,0,0,0,0,0,0,0
395,2025-04-22 20:11:35.742,96,0,0,0,0,0,0,0,0,0,0,0,0,0,0,0,0,0,0,0,0,0,0,0,0,0,0,0,0,0,0,0,0,0,0,0,0,0,0,0,0,0,0,0,0,0,0,0,0,0,0,0,0,0,0,0,0,0,0,0,0,0,0,0,0,0,0,0,0,0,0,0,0,0,0,0,0,0,0,0,0,0,0,0,0,0,0,0,0,0,0,0,0,0,0,0,0,0,0
396,2025-04-22 20:11:35.752,96,0,0,0,0,0,0,0,0,0,0,0,0,0,0,0,0,0,0,0,0,0,0,0,0,0,0,0,0,0,0,0,0,0,0,0,0,0,0,0,0,0,0,0,0,0,0,0,0,0,0,0,0,0,0,0,0,0,0,0,0,0,0,0,0,0,0,0,0,0,0,0,0,0,0,0,0,0,0,0,0,0,0,0,0,0,0,0,0,0,0,0,0,0,0,0,0,0,0
397,2025-04-22 20:11:35.763,96,0,0,0,0,0,0,0,0,0,0,0,0,0,0,0,0,0,0,0,0,0,0,0,0,0,0,0,0,0,0,0,0,0,0,0,0,0,0,0,0,0,0,0,0,0,0,0,0,0,0,0,0,0,0,0,0,0,0,0,0,0,0,0,0,0,0,0,0,0,0,0,0,0,0,0,0,0,0,0,0,0,0,0,0,0,0,0,0,0,0,0,0,0,0,0,0,0,0
398,2025-04-22 20:11:35.775,96,0,0,0,0,0,0,0,0,0,0,0,0,0,0,0,0,0,0,0,0,0,0,0,0,0,0,0,0,0,0,0,0,0,0,0,0,0,0,0,0,0,0,0,0,0,0,0,0,0,0,0,0,0,0,0,0,0,0,0,0,0,0,0,0,0,0,0,0,0,0,0,0,0,0,0,0,0,0,0,0,0,0,0,0,0,0,0,0,0,0,0,0,0,0,0,0,0,0
399,2025-04-22 20:11:35.784,96,0,0,0,0,0,0,0,0,0,0,0,0,0,0,0,0,0,0,0,0,0,0,0,0,0,0,0,0,0,0,0,0,0,0,0,0,0,0,0,0,0,0,0,0,0,0,0,0,0,0,0,0,0,0,0,0,0,0,0,0,0,0,0,0,0,0,0,0,0,0,0,0,0,0,0,0,0,0,0,0,0,0,0,0,0,0,0,0,0,0,0,0,0,0,0,0,0,0
400,2025-04-22 20:11:35.804,96,0,0,0,0,0,0,0,0,0,0,0,0,0,0,0,0,0,0,0,0,0,0,0,0,0,0,0,0,0,0,0,0,0,0,0,0,0,0,0,0,0,0,0,0,0,0,0,0,0,0,0,0,0,0,0,0,0,0,0,0,0,0,0,0,0,0,0,0,0,0,0,0,0,0,0,0,0,0,0,0,0,0,0,0,0,0,0,0,0,0,0,0,0,0,0,0,0,0
401,2025-04-22 20:11:35.816,96,0,0,0,0,0,0,0,0,0,0,0,0,0,0,0,0,0,0,0,0,0,0,0,0,0,0,0,0,0,0,0,0,0,0,0,0,0,0,0,0,0,0,0,0,0,0,0,0,0,0,0,0,0,0,0,0,0,0,0,0,0,0,0,0,0,0,0,0,0,0,0,0,0,0,0,0,0,0,0,0,0,0,0,0,0,0,0,0,0,0,0,0,0,0,0,0,0,0
402,2025-04-22 20:11:35.826,96,0,0,0,0,0,0,0,0,0,0,0,0,0,0,0,0,0,0,0,0,0,0,0,0,0,0,0,0,0,0,0,0,0,0,0,0,0,0,0,0,0,0,0,0,0,0,0,0,0,0,0,0,0,0,0,0,0,0,0,0,0,0,0,0,0,0,0,0,0,0,0,0,0,0,0,0,0,0,0,0,0,0,0,0,0,0,0,0,0,0,0,0,0,0,0,0,0,0
403,2025-04-22 20:11:35.837,96,0,0,0,0,0,0,0,0,0,0,0,0,0,0,0,0,0,0,0,0,0,0,0,0,0,0,0,0,0,0,0,0,0,0,0,0,0,0,0,0,0,0,0,0,0,0,0,0,0,0,0,0,0,0,0,0,0,0,0,0,0,0,0,0,0,0,0,0,0,0,0,0,0,0,0,0,0,0,0,0,0,0,0,0,0,0,0,0,0,0,0,0,0,0,0,0,0,0
404,2025-04-22 20:11:35.847,96,0,0,0,0,0,0,0,0,0,0,0,0,0,0,0,0,0,0,0,0,0,0,0,0,0,0,0,0,0,0,0,0,0,0,0,0,0,0,0,0,0,0,0,0,0,0,0,0,0,0,0,0,0,0,0,0,0,0,0,0,0,0,0,0,0,0,0,0,0,0,0,0,0,0,0,0,0,0,0,0,0,0,0,0,0,0,0,0,0,0,0,0,0,0,0,0,0,0
405,2025-04-22 20:11:35.858,96,0,0,0,0,0,0,0,0,0,0,0,0,0,0,0,0,0,0,0,0,0,0,0,0,0,0,0,0,0,0,0,0,0,0,0,0,0,0,0,0,0,0,0,0,0,0,0,0,0,0,0,0,0,0,0,0,0,0,0,0,0,0,0,0,0,0,0,0,0,0,0,0,0,0,0,0,0,0,0,0,0,0,0,0,0,0,0,0,0,0,0,0,0,0,0,0,0,0
406,2025-04-22 20:11:35.869,96,0,0,0,0,0,0,0,0,0,0,0,0,0,0,0,0,0,0,0,0,0,0,0,0,0,0,0,0,0,0,0,0,0,0,0,0,0,0,0,0,0,0,0,0,0,0,0,0,0,0,0,0,0,0,0,0,0,0,0,0,0,0,0,0,0,0,0,0,0,0,0,0,0,0,0,0,0,0,0,0,0,0,0,0,0,0,0,0,0,0,0,0,0,0,0,0,0,0
407,2025-04-22 20:11:35.881,96,0,0,0,0,0,0,0,0,0,0,0,0,0,0,0,0,0,0,0,0,0,0,0,0,0,0,0,0,0,0,0,0,0,0,0,0,0,0,0,0,0,0,0,0,0,0,0,0,0,0,0,0,0,0,0,0,0,0,0,0,0,0,0,0,0,0,0,0,0,0,0,0,0,0,0,0,0,0,0,0,0,0,0,0,0,0,0,0,0,0,0,0,0,0,0,0,0,0
408,2025-04-22 20:11:35.892,96,0,0,0,0,0,0,0,0,0,0,0,0,0,0,0,0,0,0,0,0,0,0,0,0,0,0,0,0,0,0,0,0,0,0,0,0,0,0,0,0,0,0,0,0,0,0,0,0,0,0,0,0,0,0,0,0,0,0,0,0,0,0,0,0,0,0,0,0,0,0,0,0,0,0,0,0,0,0,0,0,0,0,0,0,0,0,0,0,0,0,0,0,0,0,0,0,0,0
409,2025-04-22 20:11:35.902,96,0,0,0,0,0,0,0,0,0,0,0,0,0,0,0,0,0,0,0,0,0,0,0,0,0,0,0,0,0,0,0,0,0,0,0,0,0,0,0,0,0,0,0,0,0,0,0,0,0,0,0,0,0,0,0,0,0,0,0,0,0,0,0,0,0,0,0,0,0,0,0,0,0,0,0,0,0,0,0,0,0,0,0,0,0,0,0,0,0,0,0,0,0,0,0,0,0,0
410,2025-04-22 20:11:35.913,96,0,0,0,0,0,0,0,0,0,0,0,0,0,0,0,0,0,0,0,0,0,0,0,0,0,0,0,0,0,0,0,0,0,0,0,0,0,0,0,0,0,0,0,0,0,0,0,0,0,0,0,0,0,0,0,0,0,0,0,0,0,0,0,0,0,0,0,0,0,0,0,0,0,0,0,0,0,0,0,0,0,0,0,0,0,0,0,0,0,0,0,0,0,0,0,0,0,0
411,2025-04-22 20:11:35.923,96,0,0,0,0,0,0,0,0,0,0,0,0,0,0,0,0,0,0,0,0,0,0,0,0,0,0,0,0,0,0,0,0,0,0,0,0,0,0,0,0,0,0,0,0,0,0,0,0,0,0,0,0,0,0,0,0,0,0,0,0,0,0,0,0,0,0,0,0,0,0,0,0,0,0,0,0,0,0,0,0,0,0,0,0,0,0,0,0,0,0,0,0,0,0,0,0,0,0
412,2025-04-22 20:11:35.935,96,0,0,0,0,0,0,0,0,0,0,0,0,0,0,0,0,0,0,0,0,0,0,0,0,0,0,0,0,0,0,0,0,0,0,0,0,0,0,0,0,0,0,0,0,0,0,0,0,0,0,0,0,0,0,0,0,0,0,0,0,0,0,0,0,0,0,0,0,0,0,0,0,0,0,0,0,0,0,0,0,0,0,0,0,0,0,0,0,0,0,0,0,0,0,0,0,0,0
